\begin{tabular}{lllllllllllllllll}
\toprule
{} &                             0  &                             1  &                             2  &                             3  &                             4  &                             5  &                             6  &                            7  &                             8  &                             9  &                             10 &                             11 &                             12 &                            13 &                             14 &                             15 \\
\midrule
PGE= &                              0 &                              0 &                              0 &                              0 &                              0 &                              0 &                              0 &                             0 &                              0 &                              0 &                              0 &                              0 &                              1 &                             0 &                              0 &                              0 \\
0    &     [43, 0, 0.806385379935162] &   [126, 0, 0.7939047126496768] &    [21, 0, 0.8476590112321007] &    [22, 0, 0.8136985610134159] &    [40, 0, 0.9055921552527771] &   [174, 0, 0.8528951132796849] &   [210, 0, 0.7888870199196352] &  [166, 0, 0.8302472607121548] &   [171, 0, 0.6123112076362808] &   [247, 0, 0.8882988797176652] &    [21, 0, 0.9464071856128362] &   [136, 0, 0.8099945717650268] &     [8, 0, 0.6752376864109382] &  [207, 0, 0.8457866611109263] &    [79, 0, 0.8130095628070467] &    [60, 0, 0.8330023628192316] \\
1    &    [42, 0, 0.7267070032911604] &   [127, 0, 0.6121618359072674] &    [20, 0, 0.7482462119375898] &    [23, 0, 0.6206424531027089] &    [41, 0, 0.6555631567205263] &   [175, 0, 0.6853516554026119] &   [211, 0, 0.6201552303186316] &  [167, 0, 0.6721798335212322] &   [170, 0, 0.5416764605469331] &    [246, 0, 0.672677394556268] &     [20, 0, 0.619036538058742] &   [137, 0, 0.6304809513896195] &     [9, 0, 0.6329694660890943] &  [206, 0, 0.5971732959426107] &    [78, 0, 0.5995679941598837] &     [61, 0, 0.626087735233686] \\
2    &   [213, 0, 0.5201489647105051] &   [245, 0, 0.4831578075965604] &   [24, 0, 0.49042076599773365] &    [35, 0, 0.5360376359535164] &   [244, 0, 0.4998345942436447] &   [178, 0, 0.4820207666528841] &  [169, 0, 0.48968246715990027] &  [240, 0, 0.5324626631987202] &   [105, 0, 0.5039738012999706] &    [53, 0, 0.4854605935209506] &   [247, 0, 0.5031894446807673] &  [153, 0, 0.49666480599868634] &    [45, 0, 0.5000254183233782] &    [6, 0, 0.4866826747656103] &  [233, 0, 0.49784847672780264] &   [50, 0, 0.49786367490943917] \\
3    &  [229, 0, 0.48922013810250936] &    [183, 0, 0.471121942382629] &    [104, 0, 0.486913301427405] &   [218, 0, 0.4907781863814336] &   [228, 0, 0.4535244034568355] &  [220, 0, 0.47625302946757886] &   [105, 0, 0.4685059299158637] &  [141, 0, 0.5083817743939042] &  [129, 0, 0.48911526175302117] &    [83, 0, 0.4726867576612447] &   [133, 0, 0.5029000726121664] &  [145, 0, 0.49530190079237907] &   [110, 0, 0.4909694511164711] &   [46, 0, 0.4772613415569605] &   [184, 0, 0.4759090066418204] &  [109, 0, 0.48971562406286995] \\
4    &     [92, 0, 0.483180805828482] &  [239, 0, 0.46692271561445636] &  [213, 0, 0.45401079359464896] &   [110, 0, 0.4775621843853113] &    [31, 0, 0.4460218054159353] &    [0, 0, 0.47075597608952824] &   [63, 0, 0.46572042193831764] &    [7, 0, 0.4800203518215873] &  [127, 0, 0.47792001550519936] &    [93, 0, 0.4624646656622188] &   [158, 0, 0.4822906207866975] &   [195, 0, 0.4940227394998917] &   [155, 0, 0.4821157279101065] &  [60, 0, 0.46233123187893976] &  [176, 0, 0.46355527351057757] &    [9, 0, 0.47614267591333953] \\
5    &   [53, 0, 0.47447669236497986] &  [203, 0, 0.46175410774304854] &   [108, 0, 0.4512090526055849] &    [29, 0, 0.4601666551602789] &   [225, 0, 0.4352396904468678] &   [93, 0, 0.46973264891512223] &   [17, 0, 0.46090418302425495] &  [237, 0, 0.4608532482205826] &   [255, 0, 0.4765237449085868] &   [217, 0, 0.4534698524107003] &   [25, 0, 0.48013223365182106] &   [17, 0, 0.48658456689768675] &    [99, 0, 0.4754894052753991] &  [241, 0, 0.4509235074258446] &   [80, 0, 0.45678873287081717] &    [82, 0, 0.4702342861008546] \\
6    &   [240, 0, 0.4700289264905913] &   [85, 0, 0.45336304473807154] &  [243, 0, 0.44197710755144093] &  [247, 0, 0.44346701548599937] &  [203, 0, 0.43439605303477424] &  [137, 0, 0.46508051333360767] &  [155, 0, 0.45693142615843607] &  [175, 0, 0.4532356645404494] &   [114, 0, 0.4576116001270814] &  [212, 0, 0.45026770743829214] &   [81, 0, 0.46689850706845243] &    [28, 0, 0.4742984075453722] &  [194, 0, 0.46399134343639414] &   [97, 0, 0.4501001723267691] &   [127, 0, 0.4548874443524454] &   [97, 0, 0.45914520483593685] \\
7    &   [209, 0, 0.4673552183361968] &    [34, 0, 0.4495559502526734] &     [77, 0, 0.438954679344158] &  [242, 0, 0.44266365077315034] &   [150, 0, 0.4338312024957599] &    [94, 0, 0.4569421150150769] &   [236, 0, 0.4554814951214766] &  [138, 0, 0.4526808359574168] &  [160, 0, 0.45493854543594553] &    [130, 0, 0.441387347545433] &  [185, 0, 0.45080225912319194] &   [252, 0, 0.4591551983416403] &   [127, 0, 0.4584541546270741] &  [223, 0, 0.4475181081739351] &  [189, 0, 0.44720279366067195] &   [106, 0, 0.4535662055821066] \\
8    &   [40, 0, 0.46621262004074854] &    [23, 0, 0.4487344088195794] &   [29, 0, 0.43615282025044966] &    [84, 0, 0.4414995845156852] &    [63, 0, 0.4308496414821982] &   [114, 0, 0.4456515016249283] &     [5, 0, 0.4475664798243344] &  [104, 0, 0.4492315934172442] &    [44, 0, 0.4451225942162598] &  [191, 0, 0.43758792449937356] &    [180, 0, 0.440633371941702] &   [129, 0, 0.4555802649216073] &   [89, 0, 0.45096746454547654] &   [44, 0, 0.4438920311919815] &  [216, 0, 0.44624322250392784] &   [138, 0, 0.4495463690267492] \\
\bottomrule
\end{tabular}
