\begin{tabular}{lllllllllllllllll}
\toprule
{} &                            0  &                            1  &                            2  &                            3  &                            4  &                            5  &                            6  &                            7  &                            8  &                            9  &                            10 &                            11 &                            12 &                            13 &                            14 &                           15 \\
\midrule
PGE= &                             0 &                             0 &                             0 &                             0 &                             0 &                             0 &                             0 &                             0 &                             0 &                             0 &                             0 &                             0 &                             1 &                             0 &                             0 &                            0 \\
0    &    [43, 0, 0.794782053169271] &  [126, 0, 0.7713748135987385] &   [21, 0, 0.8870334135316346] &   [22, 0, 0.8218423543482865] &    [40, 0, 0.915543351783464] &  [174, 0, 0.8962128883550671] &  [210, 0, 0.8189495817822792] &   [166, 0, 0.799469526122845] &  [171, 0, 0.6281694385254706] &   [247, 0, 0.880291019022651] &   [21, 0, 0.9424064304561052] &  [136, 0, 0.8286926346190516] &    [8, 0, 0.6992148520691616] &  [207, 0, 0.8309628055786411] &    [79, 0, 0.873195083870668] &  [60, 0, 0.8394537813718409] \\
1    &   [42, 0, 0.7122026401365741] &  [127, 0, 0.6570818648015173] &   [20, 0, 0.7303088960238389] &   [23, 0, 0.5950416080833599] &   [41, 0, 0.6286670733517489] &  [175, 0, 0.6359035743084859] &   [104, 0, 0.589577730840538] &  [167, 0, 0.7278273222135206] &  [170, 0, 0.6022555077578962] &  [246, 0, 0.6780412892232122] &   [133, 0, 0.647344363243268] &  [137, 0, 0.6175673996890739] &    [9, 0, 0.6489345908174627] &  [206, 0, 0.5967856079314753] &  [234, 0, 0.6649731957295231] &  [106, 0, 0.620631008844578] \\
2    &  [213, 0, 0.6008656438936998] &   [67, 0, 0.6041332771452365] &  [104, 0, 0.6333207591722937] &  [218, 0, 0.5827456769921238] &  [244, 0, 0.5580038250181463] &   [94, 0, 0.5912794339058925] &  [184, 0, 0.5875338644144197] &  [119, 0, 0.5607430840239512] &  [255, 0, 0.5746512783348573] &   [169, 0, 0.563090995740784] &   [65, 0, 0.5970460602163892] &  [122, 0, 0.5724364791782607] &  [166, 0, 0.5731304779123122] &  [223, 0, 0.5537364556472592] &   [78, 0, 0.6001241407861742] &   [33, 0, 0.601271075437678] \\
3    &   [22, 0, 0.5990062933590709] &  [114, 0, 0.5650875714080764] &   [96, 0, 0.5580417272838774] &   [28, 0, 0.5767320307602416] &  [120, 0, 0.5574959530694561] &   [34, 0, 0.5710196974287911] &    [211, 0, 0.58064266413105] &  [231, 0, 0.5505922124848801] &  [129, 0, 0.5737412522957354] &    [53, 0, 0.550032330623674] &   [20, 0, 0.5888048262303501] &  [156, 0, 0.5592512787640247] &  [110, 0, 0.5523397870430327] &   [68, 0, 0.5408815554864161] &  [185, 0, 0.5624239750265091] &  [61, 0, 0.5667830776882369] \\
4    &  [210, 0, 0.5580783090481459] &  [245, 0, 0.5383760839158075] &  [162, 0, 0.5537577358673795] &  [253, 0, 0.5674615075709455] &    [31, 0, 0.550643745433385] &    [20, 0, 0.566281389696508] &  [169, 0, 0.5713637340095972] &   [37, 0, 0.5432206027476605] &  [179, 0, 0.5526886328446043] &  [166, 0, 0.5485494945790018] &  [149, 0, 0.5482991128265452] &  [184, 0, 0.5584707138698436] &    [34, 0, 0.548690265093995] &    [6, 0, 0.5364123712070034] &    [4, 0, 0.5607907909981588] &  [94, 0, 0.5454589804110912] \\
5    &  [164, 0, 0.5276243169301156] &    [9, 0, 0.5328648597936678] &  [100, 0, 0.5513070174471043] &    [5, 0, 0.5623651315621641] &   [71, 0, 0.5438237397170668] &   [93, 0, 0.5654046922331559] &  [236, 0, 0.5583751585611453] &  [251, 0, 0.5390296485276957] &  [105, 0, 0.5521491431938098] &   [83, 0, 0.5350275511066884] &    [74, 0, 0.543559965532189] &   [28, 0, 0.5556538859403982] &   [89, 0, 0.5485472045896793] &  [122, 0, 0.5349831336122053] &  [117, 0, 0.5509385661877579] &  [45, 0, 0.5437351697954403] \\
6    &  [224, 0, 0.5260147124960765] &   [21, 0, 0.5312422668304893] &  [152, 0, 0.5476980091585861] &   [35, 0, 0.5524282552926011] &   [15, 0, 0.5370331156824595] &  [178, 0, 0.5625911589284381] &   [91, 0, 0.5505505489249822] &  [105, 0, 0.5375484617163572] &  [160, 0, 0.5496909835072437] &  [153, 0, 0.5331202695979946] &   [179, 0, 0.540333043729515] &  [191, 0, 0.5494394417986191] &   [45, 0, 0.5468088188299904] &   [46, 0, 0.5310856539435044] &   [50, 0, 0.5464596058946827] &  [25, 0, 0.5383465598714576] \\
7    &   [92, 0, 0.5253775016941263] &   [29, 0, 0.5306176499499007] &  [176, 0, 0.5432586736934563] &  [135, 0, 0.5443404524061335] &  [176, 0, 0.5312317789224665] &    [6, 0, 0.5410533776534404] &  [150, 0, 0.5441855576597986] &  [240, 0, 0.5354806159246889] &  [113, 0, 0.5402718169916421] &  [214, 0, 0.5294492348723039] &   [59, 0, 0.5392913558858662] &   [71, 0, 0.5486717126095441] &  [197, 0, 0.5387361188642247] &   [92, 0, 0.5293812970418573] &  [197, 0, 0.5460778492659764] &  [160, 0, 0.531845230694015] \\
8    &   [21, 0, 0.5236412199161723] &   [41, 0, 0.5242430263105742] &  [106, 0, 0.5356507152741444] &  [223, 0, 0.5438524415200449] &  [241, 0, 0.5273797421647894] &   [32, 0, 0.5399569249580904] &   [94, 0, 0.5440097069268772] &   [30, 0, 0.5331733350971808] &  [186, 0, 0.5383799425108032] &  [226, 0, 0.5255785306778241] &  [247, 0, 0.5363125811047726] &  [116, 0, 0.5443798175593915] &  [194, 0, 0.5340098631439223] &  [149, 0, 0.5251250477730717] &  [204, 0, 0.5432168037065205] &  [66, 0, 0.5300006718725244] \\
\bottomrule
\end{tabular}
