\begin{tabular}{lllllllllllllllll}
\toprule
{} &                            0  &                             1  &                            2  &                             3  &                            4  &                            5  &                            6  &                            7  &                            8  &                             9  &                            10 &                            11 &                             12 &                            13 &                            14 &                            15 \\
\midrule
PGE= &                             0 &                              0 &                             0 &                              0 &                             0 &                             0 &                             0 &                             0 &                             0 &                              0 &                             0 &                             0 &                              1 &                             0 &                             0 &                             0 \\
0    &   [43, 0, 0.7826749249299073] &   [126, 0, 0.7838753534133905] &    [21, 0, 0.853735866158174] &     [22, 0, 0.812453275828296] &    [40, 0, 0.911403455738443] &  [174, 0, 0.8795508330646569] &  [210, 0, 0.8062075154432996] &  [166, 0, 0.8210513686214111] &  [171, 0, 0.6261531912734879] &    [247, 0, 0.878426459771053] &   [21, 0, 0.9491538452516308] &  [136, 0, 0.8115398779947292] &     [8, 0, 0.7038448032682134] &  [207, 0, 0.8350221490721703] &    [79, 0, 0.848904652659432] &   [60, 0, 0.8559356961288316] \\
1    &   [42, 0, 0.7071974824593359] &   [127, 0, 0.6330617672823671] &   [20, 0, 0.7052201507986582] &    [23, 0, 0.5881143475720176] &   [41, 0, 0.6537146187439236] &  [175, 0, 0.6794382467252795] &  [211, 0, 0.6130027076750124] &  [167, 0, 0.7201870347456983] &  [170, 0, 0.5800666344019204] &   [246, 0, 0.6799045739901968] &  [133, 0, 0.6405017983961193] &  [137, 0, 0.5807591017537826] &     [9, 0, 0.6321414749895016] &  [206, 0, 0.5908689747384005] &   [78, 0, 0.6139952346373622] &   [61, 0, 0.6180332369634891] \\
2    &  [213, 0, 0.5816996128854591] &     [245, 0, 0.53633757897001] &  [104, 0, 0.5822232777620906] &    [35, 0, 0.5760443770891158] &  [244, 0, 0.5615069202666773] &  [178, 0, 0.5467295833619545] &  [125, 0, 0.5368578786828005] &  [240, 0, 0.5450152135273633] &  [255, 0, 0.5404642754457463] &   [226, 0, 0.5208510332384778] &   [20, 0, 0.5923580320291516] &  [116, 0, 0.5595329782173022] &    [92, 0, 0.5362252953386639] &   [68, 0, 0.5220668126166835] &   [234, 0, 0.573857283648038] &  [106, 0, 0.5577598360704679] \\
3    &   [22, 0, 0.5816225026587213] &   [203, 0, 0.5147816723023209] &   [162, 0, 0.545322372875103] &   [253, 0, 0.5536228084182533] &  [225, 0, 0.5463308376283449] &     [46, 0, 0.54285553915572] &   [236, 0, 0.507962066175974] &  [237, 0, 0.5116818680109807] &  [186, 0, 0.5404479935828286] &   [150, 0, 0.5180849156082938] &   [65, 0, 0.5404253914147282] &  [122, 0, 0.5454574310915103] &   [110, 0, 0.5191693036970434] &   [98, 0, 0.5136295608340029] &  [145, 0, 0.5187378793384283] &   [33, 0, 0.5350774658527692] \\
4    &   [49, 0, 0.5577589706798234] &      [67, 0, 0.50133370507914] &  [152, 0, 0.5408513947753864] &   [110, 0, 0.5235834249537975] &   [31, 0, 0.5326836542502766] &   [93, 0, 0.5424350569375355] &   [94, 0, 0.4995421928707537] &    [49, 0, 0.499570758446759] &  [105, 0, 0.5246320724217137] &    [53, 0, 0.5173670311767062] &   [59, 0, 0.5326806605197094] &  [184, 0, 0.5260146653339471] &     [6, 0, 0.5135097185293811] &    [6, 0, 0.5027366448053081] &   [57, 0, 0.5157300672713887] &  [201, 0, 0.5344312426460083] \\
5    &   [21, 0, 0.5334346495399568] &  [241, 0, 0.49762742764905366] &    [69, 0, 0.520046393696157] &   [235, 0, 0.5070583943227834] &  [120, 0, 0.5266243179356982] &  [133, 0, 0.5251947102660556] &  [104, 0, 0.4956741914466433] &  [119, 0, 0.4948829277885021] &  [142, 0, 0.5190359512931955] &   [166, 0, 0.5032013193782052] &  [245, 0, 0.5091698854275455] &   [99, 0, 0.5191943771991157] &    [166, 0, 0.511953958472771] &   [223, 0, 0.501836274717441] &    [43, 0, 0.513799026907673] &  [117, 0, 0.5299519595289962] \\
6    &   [53, 0, 0.5310681613273454] &  [254, 0, 0.49656544665669844] &   [13, 0, 0.5106373013339022] &   [247, 0, 0.5062288538588582] &  [176, 0, 0.5252108144275165] &  [161, 0, 0.5143064962853058] &  [235, 0, 0.4907222921429059] &  [143, 0, 0.4916049981452782] &   [28, 0, 0.5085240092598794] &   [62, 0, 0.49433754399965174] &  [247, 0, 0.5090228786469734] &   [28, 0, 0.5185942935800487] &    [34, 0, 0.5024735563933265] &   [44, 0, 0.5005137734687986] &  [185, 0, 0.5056055287775777] &   [25, 0, 0.5298358012706685] \\
7    &    [9, 0, 0.5135463480380443] &  [147, 0, 0.49639185149257475] &   [65, 0, 0.5096661635202272] &    [206, 0, 0.504195260612119] &   [63, 0, 0.5113700649159064] &    [94, 0, 0.506635353928395] &   [91, 0, 0.4824356702473281] &  [141, 0, 0.4873676442998343] &   [21, 0, 0.5041897992345415] &    [93, 0, 0.4868751424453323] &   [98, 0, 0.5052976073086912] &   [17, 0, 0.5159933048031291] &  [136, 0, 0.49723939175910975] &    [251, 0, 0.49937617688937] &  [170, 0, 0.5055198397938789] &  [109, 0, 0.5258981124737206] \\
8    &  [138, 0, 0.5090268272176236] &    [29, 0, 0.4952465145007264] &   [55, 0, 0.5043727021734967] &  [214, 0, 0.49339353727408236] &  [183, 0, 0.5000072929546884] &  [114, 0, 0.4998298940163749] &   [54, 0, 0.4815586009161983] &  [138, 0, 0.4869808903824382] &  [160, 0, 0.5037995023886619] &  [195, 0, 0.48531564791841525] &   [37, 0, 0.5019457265122391] &  [129, 0, 0.5095410483638613] &   [99, 0, 0.49666752836707684] &   [128, 0, 0.496071883608684] &   [14, 0, 0.5013887015933729] &  [218, 0, 0.5210770393817421] \\
\bottomrule
\end{tabular}
