\begin{tabular}{lllllllllllllllll}
\toprule
{} &                            0  &                            1  &                            2  &                            3  &                            4  &                            5  &                            6  &                            7  &                            8  &                            9  &                            10 &                            11 &                            12 &                            13 &                            14 &                            15 \\
\midrule
PGE= &                            67 &                           210 &                           140 &                             9 &                             2 &                             1 &                            23 &                            30 &                            99 &                             2 &                             1 &                            30 &                           200 &                           105 &                           143 &                            35 \\
0    &   [22, 0, 0.9887567798686758] &   [73, 0, 0.9809953816788068] &  [102, 0, 0.9791126223724104] &   [46, 0, 0.9802143095330293] &  [173, 0, 0.9800427980449318] &   [51, 0, 0.9872285670733303] &  [255, 0, 0.9763167785013284] &   [225, 0, 0.980353857522087] &   [35, 0, 0.9886198987306838] &  [129, 0, 0.9826507841458865] &  [114, 0, 0.9809313603110514] &   [167, 0, 0.987657650397934] &  [168, 0, 0.9795461102944197] &   [15, 0, 0.9921475600155701] &  [133, 0, 0.9833331427466753] &  [177, 0, 0.9753919562994078] \\
1    &    [7, 0, 0.9838540317000998] &   [92, 0, 0.9786369094523986] &   [72, 0, 0.9784863664026038] &   [15, 0, 0.9754878659299543] &   [209, 0, 0.979528514169775] &  [174, 0, 0.9687189318369679] &  [225, 0, 0.9694220909204981] &    [20, 0, 0.979107260220942] &  [237, 0, 0.9807034889356395] &  [131, 0, 0.9805806756909202] &   [21, 0, 0.9768620586195401] &   [84, 0, 0.9862074867422784] &  [230, 0, 0.9774141654398673] &  [167, 0, 0.9896020714993314] &   [60, 0, 0.9798162889235716] &  [216, 0, 0.9716199778259085] \\
2    &   [76, 0, 0.9797777648353546] &  [242, 0, 0.9723162243507418] &   [77, 0, 0.9776034317093442] &   [72, 0, 0.9740188413702716] &   [40, 0, 0.9660370174166261] &  [153, 0, 0.9635850108552958] &   [64, 0, 0.9673698383737261] &   [49, 0, 0.9783118117471629] &  [132, 0, 0.9784514500422354] &  [247, 0, 0.9804111153767785] &   [26, 0, 0.9706673758724249] &  [207, 0, 0.9783744995067659] &     [10, 0, 0.96933601612719] &  [186, 0, 0.9864670713238151] &  [123, 0, 0.9765180143056468] &    [8, 0, 0.9713251119675265] \\
3    &  [125, 0, 0.9763699727758453] &  [137, 0, 0.9712865427674373] &   [71, 0, 0.9765288388406955] &  [190, 0, 0.9727971855421118] &    [5, 0, 0.9633888974655173] &   [82, 0, 0.9624263583305904] &  [160, 0, 0.9659813662799092] &  [177, 0, 0.9708219325349328] &    [1, 0, 0.9634686647354133] &    [80, 0, 0.977660411929176] &   [86, 0, 0.9699745431581557] &  [194, 0, 0.9751703524224304] &   [35, 0, 0.9677580635930687] &   [81, 0, 0.9827173870768742] &   [16, 0, 0.9725486672665228] &  [126, 0, 0.9691409188629576] \\
4    &  [182, 0, 0.9730153609193257] &  [230, 0, 0.9683470960831139] &    [35, 0, 0.973270555711034] &  [252, 0, 0.9688452559019425] &   [43, 0, 0.9607312182635546] &  [180, 0, 0.9615857279239912] &  [146, 0, 0.9648197597110204] &   [102, 0, 0.969994048641974] &   [72, 0, 0.9633148415143571] &   [140, 0, 0.977498149480937] &  [138, 0, 0.9658115068411116] &   [26, 0, 0.9669875568304563] &   [173, 0, 0.961026877112284] &  [199, 0, 0.9755578284822877] &  [249, 0, 0.9719709672622145] &   [57, 0, 0.9672398665799283] \\
5    &  [238, 0, 0.9722947710585048] &   [34, 0, 0.9619059813220522] &  [221, 0, 0.9724795903788235] &   [62, 0, 0.9672048602180251] &   [12, 0, 0.9605295715832507] &  [133, 0, 0.9594922878144512] &   [83, 0, 0.9638199608386038] &  [184, 0, 0.9688082493273101] &   [43, 0, 0.9629080880098402] &  [225, 0, 0.9709358413775777] &  [209, 0, 0.9643589843740595] &   [211, 0, 0.965066675838696] &   [79, 0, 0.9608519103426597] &   [59, 0, 0.9710712280811988] &  [183, 0, 0.9707430497693222] &  [193, 0, 0.9605594300222403] \\
6    &    [5, 0, 0.9714048746768672] &  [240, 0, 0.9618239551200864] &   [81, 0, 0.9692194482855117] &  [147, 0, 0.9657182143572867] &  [142, 0, 0.9603661529374512] &  [228, 0, 0.9579055461646292] &   [27, 0, 0.9631769419248045] &   [75, 0, 0.9631527945075659] &   [18, 0, 0.9627629364072222] &  [143, 0, 0.9705130311220889] &   [10, 0, 0.9641471418000312] &   [89, 0, 0.9622643971328604] &  [193, 0, 0.9597267141823361] &  [239, 0, 0.9682506154146827] &   [35, 0, 0.9632605294787986] &  [224, 0, 0.9605223288644908] \\
7    &  [220, 0, 0.9703176672692732] &  [138, 0, 0.9609222900472122] &  [216, 0, 0.9674012565357155] &  [135, 0, 0.9655538190663041] &  [205, 0, 0.9583148474999099] &   [27, 0, 0.9567038479112793] &  [162, 0, 0.9620684455365985] &   [83, 0, 0.9609007008036731] &   [49, 0, 0.9617629933735432] &  [180, 0, 0.9687677506304513] &   [33, 0, 0.9629811394196628] &  [169, 0, 0.9613140826065737] &  [218, 0, 0.9593926787051912] &   [55, 0, 0.9660568424191249] &  [233, 0, 0.9616160910767589] &  [195, 0, 0.9600007500008788] \\
8    &  [199, 0, 0.9701509876038907] &  [135, 0, 0.9608284334331275] &   [51, 0, 0.9668429301429533] &    [23, 0, 0.965215900868227] &  [166, 0, 0.9581229186859715] &  [188, 0, 0.9561227084993799] &   [28, 0, 0.9615239476408232] &  [137, 0, 0.9603319227262314] &  [128, 0, 0.9615270444904465] &   [86, 0, 0.9683296637314885] &   [51, 0, 0.9615120576043978] &  [198, 0, 0.9605616930663131] &  [231, 0, 0.9587491605571782] &   [43, 0, 0.9647689394231358] &   [70, 0, 0.9615530747465806] &   [24, 0, 0.9581111393937215] \\
\bottomrule
\end{tabular}
