\begin{tabular}{lllllllllllllllll}
\toprule
{} &                             0  &                             1  &                             2  &                             3  &                             4  &                             5  &                             6  &                             7  &                            8  &                            9  &                             10 &                             11 &                             12 &                             13 &                             14 &                            15 \\
\midrule
PGE= &                              0 &                              0 &                              0 &                              0 &                              0 &                              0 &                              0 &                              0 &                             0 &                             0 &                              0 &                              0 &                              1 &                              0 &                              0 &                             0 \\
0    &    [43, 0, 0.7980713649160797] &   [126, 0, 0.8050740694161579] &     [21, 0, 0.854882109441565] &    [22, 0, 0.8010659114601193] &    [40, 0, 0.9112544596133669] &   [174, 0, 0.8647902599610772] &     [210, 0, 0.78600155527561] &    [166, 0, 0.842853644186215] &   [171, 0, 0.606503820190502] &  [247, 0, 0.8811681931487121] &    [21, 0, 0.9396278081448163] &   [136, 0, 0.7990694450057784] &     [8, 0, 0.6957249086560445] &   [207, 0, 0.8302772604056612] &    [79, 0, 0.8252282603357366] &   [60, 0, 0.8412779310827596] \\
1    &    [42, 0, 0.7337441538838134] &   [127, 0, 0.6217588225187032] &     [20, 0, 0.700236515497375] &    [23, 0, 0.6396085006129082] &    [41, 0, 0.6494440824469556] &   [175, 0, 0.6982221506580913] &   [211, 0, 0.6434433469729847] &   [167, 0, 0.6916617003252022] &  [170, 0, 0.5589293928847255] &  [246, 0, 0.6530607067665489] &     [20, 0, 0.590177441715276] &   [137, 0, 0.6105660274321705] &     [9, 0, 0.6168744844495921] &   [206, 0, 0.5914390578788521] &    [78, 0, 0.6077388368649925] &   [61, 0, 0.6233285141779676] \\
2    &   [213, 0, 0.5479707118647098] &   [203, 0, 0.5309042587670946] &   [104, 0, 0.5192277856708049] &    [35, 0, 0.5340255962945868] &   [244, 0, 0.5175978804061995] &    [94, 0, 0.5141454938473096] &    [17, 0, 0.5309560662435318] &   [240, 0, 0.5745335977866992] &  [105, 0, 0.5310700202234604] &  [150, 0, 0.4930116758761668] &   [133, 0, 0.5505571468495039] &    [17, 0, 0.5393024458829263] &   [110, 0, 0.5197607389719203] &     [6, 0, 0.5072250593632897] &   [184, 0, 0.4836157838955218] &   [50, 0, 0.5188535128996322] \\
3    &    [53, 0, 0.5190419526085314] &    [34, 0, 0.5199444252317066] &    [24, 0, 0.5053213493047419] &   [253, 0, 0.5013617927151934] &   [228, 0, 0.4848391101972567] &    [93, 0, 0.5022380718851709] &    [104, 0, 0.497359123506711] &    [57, 0, 0.4812539412421679] &   [129, 0, 0.524735966266828] &  [217, 0, 0.4905101327910446] &   [247, 0, 0.5315820660766385] &    [28, 0, 0.5125321714623298] &   [136, 0, 0.4836334448629943] &    [46, 0, 0.4915124346216336] &   [234, 0, 0.4833018148852847] &    [9, 0, 0.5170702278803347] \\
4    &   [240, 0, 0.5080846880584611] &  [183, 0, 0.49601202429418195] &    [69, 0, 0.4897754931115807] &  [247, 0, 0.49984714496186317] &  [225, 0, 0.47388530791267286] &  [237, 0, 0.48764607429780144] &    [54, 0, 0.4955904412064316] &   [141, 0, 0.4810305038085056] &  [255, 0, 0.5163255374611764] &  [53, 0, 0.48749081862587595] &  [245, 0, 0.49869947562152234] &  [191, 0, 0.49649119324509167] &   [194, 0, 0.4835290344913352] &  [241, 0, 0.48261860086793107] &  [118, 0, 0.47910732980787823] &  [117, 0, 0.5097089216279164] \\
5    &    [34, 0, 0.5026839756908301] &  [245, 0, 0.47805669236010634] &   [13, 0, 0.48433583993036333] &  [215, 0, 0.49549514477399415] &  [120, 0, 0.46832225621372964] &   [220, 0, 0.4828217481187348] &  [125, 0, 0.49479452069765917] &     [7, 0, 0.4744531924136746] &   [57, 0, 0.5061216338543261] &  [83, 0, 0.48708321031035523] &  [139, 0, 0.47377812987819407] &   [129, 0, 0.4944262609374521] &  [166, 0, 0.47764964051739117] &    [60, 0, 0.4733625131783205] &    [80, 0, 0.4689719703148619] &   [45, 0, 0.5084347567173039] \\
6    &   [49, 0, 0.49425151695839864] &   [29, 0, 0.47309407675846343] &  [108, 0, 0.48337772152983616] &  [218, 0, 0.49246555397666947] &    [63, 0, 0.4672704696590389] &   [178, 0, 0.4809441403299185] &   [57, 0, 0.48449552564649356] &  [138, 0, 0.47022190710745426] &   [44, 0, 0.5022754976216589] &  [93, 0, 0.47426823950078056] &    [81, 0, 0.4730416055342693] &   [122, 0, 0.4893145054026996] &     [6, 0, 0.4763175416465166] &  [223, 0, 0.47232537506130595] &   [127, 0, 0.4683841985787375] &  [223, 0, 0.5039679838083853] \\
7    &    [92, 0, 0.4903762178214554] &  [239, 0, 0.47246304208158074] &    [96, 0, 0.4777266562031303] &     [5, 0, 0.4759176031613243] &   [31, 0, 0.46709085192260563] &   [114, 0, 0.4780646892402185] &   [94, 0, 0.46410235715152354] &  [231, 0, 0.46688147830373394] &   [204, 0, 0.497869482267569] &  [195, 0, 0.4655708469635736] &    [74, 0, 0.4713206799836827] &  [195, 0, 0.48844523665622075] &   [89, 0, 0.47609820865618663] &   [234, 0, 0.4676829567653896] &  [146, 0, 0.46674262419245977] &   [25, 0, 0.4980871082725012] \\
8    &  [229, 0, 0.49021325892875245] &     [1, 0, 0.4724293072408147] &  [152, 0, 0.47323171725216784] &   [108, 0, 0.4749631496658923] &   [241, 0, 0.4619340263350693] &    [46, 0, 0.4686025078217668] &    [63, 0, 0.4636022954064775] &    [49, 0, 0.4652569538071261] &  [160, 0, 0.4970711722427119] &  [130, 0, 0.4645204327297478] &   [55, 0, 0.46952709241726626] &   [156, 0, 0.4855858393115832] &   [155, 0, 0.4708525617393454] &    [68, 0, 0.4650698742082885] &  [233, 0, 0.46596279371267124] &  [201, 0, 0.4865238794012849] \\
\bottomrule
\end{tabular}
