\begin{tabular}{lllllllllllllllll}
\toprule
{} &                            0  &                            1  &                            2  &                            3  &                            4  &                            5  &                            6  &                            7  &                            8  &                            9  &                            10 &                            11 &                            12 &                            13 &                            14 &                            15 \\
\midrule
PGE= &                             0 &                             0 &                             0 &                             0 &                             0 &                             0 &                             0 &                             0 &                             2 &                             0 &                             0 &                             0 &                            36 &                             0 &                             0 &                             0 \\
0    &   [43, 0, 0.8706435739299785] &  [126, 0, 0.7814469776029578] &   [21, 0, 0.8672101367173727] &   [22, 0, 0.8205134463753787] &   [40, 0, 0.9008143104497416] &  [174, 0, 0.9169083158041857] &  [210, 0, 0.8488796298763734] &  [166, 0, 0.8239157558987898] &  [199, 0, 0.7740409499113529] &  [247, 0, 0.9197918985517539] &   [21, 0, 0.9397419681073854] &  [136, 0, 0.8712721400859528] &  [100, 0, 0.7574555176947814] &  [207, 0, 0.8337961242051025] &   [79, 0, 0.8920654002185846] &   [60, 0, 0.8798868596451562] \\
1    &  [230, 0, 0.7885230318227819] &   [41, 0, 0.7612448833383463] &   [20, 0, 0.8023594867344729] &  [184, 0, 0.7851177315893072] &  [209, 0, 0.7922522559063784] &  [178, 0, 0.7531012832439445] &     [162, 0, 0.7911666175529] &  [167, 0, 0.8230484822351781] &  [223, 0, 0.7206706174358419] &  [115, 0, 0.7428648248819117] &   [79, 0, 0.7516547300811351] &  [191, 0, 0.7567574616000199] &  [194, 0, 0.7286220053225275] &  [137, 0, 0.7485583402388796] &   [43, 0, 0.7686607759280752] &   [66, 0, 0.7512131940668603] \\
2    &   [35, 0, 0.7421507201547223] &   [221, 0, 0.735803971367912] &   [162, 0, 0.769711757785758] &  [135, 0, 0.7381028907499751] &  [218, 0, 0.7418108840548541] &   [58, 0, 0.7377898126843481] &   [108, 0, 0.766146212342035] &  [126, 0, 0.7571669526186412] &  [171, 0, 0.7086645577089861] &  [169, 0, 0.7362264854023733] &  [136, 0, 0.7482240715605664] &  [171, 0, 0.7499293412736454] &  [152, 0, 0.7151526089276582] &  [251, 0, 0.7484864521536185] &   [50, 0, 0.7375083830763646] &    [1, 0, 0.7438922926605093] \\
3    &   [77, 0, 0.7382067841726001] &  [108, 0, 0.7265742596510706] &   [31, 0, 0.7663765111863583] &   [253, 0, 0.736812948224377] &  [176, 0, 0.7260254300609961] &  [103, 0, 0.7309630206350783] &   [47, 0, 0.7548424104145067] &  [108, 0, 0.7413556044357453] &   [37, 0, 0.7082283862544188] &  [186, 0, 0.7202002321977203] &  [233, 0, 0.7384936055264563] &   [137, 0, 0.742673752040161] &  [209, 0, 0.7103663928445951] &   [233, 0, 0.730022498844669] &   [121, 0, 0.730655364743773] &   [25, 0, 0.7381789454197034] \\
4    &  [130, 0, 0.7351898962811275] &  [174, 0, 0.7250477945824312] &  [152, 0, 0.7298924076873229] &   [18, 0, 0.7014145011416327] &  [133, 0, 0.7198805954120644] &  [102, 0, 0.7265243157069949] &   [97, 0, 0.7446543976137431] &   [30, 0, 0.7327925180376956] &    [22, 0, 0.706351071119537] &  [138, 0, 0.7165116145180787] &  [196, 0, 0.7301444631279735] &  [236, 0, 0.7041248821938383] &   [38, 0, 0.7086502985554108] &  [231, 0, 0.7217914406566719] &  [234, 0, 0.7296141414264411] &  [114, 0, 0.7302303078947421] \\
5    &  [111, 0, 0.7314972568578947] &    [200, 0, 0.72299304184793] &  [182, 0, 0.7289881129289145] &  [192, 0, 0.6967582283015769] &  [154, 0, 0.7133026154587696] &  [118, 0, 0.7215854859449387] &  [120, 0, 0.7381205097954849] &   [89, 0, 0.7241561893140165] &   [149, 0, 0.705601853752838] &  [226, 0, 0.6965906568954937] &   [67, 0, 0.7291109971484394] &  [130, 0, 0.7035287246498014] &   [53, 0, 0.7066796143575798] &  [164, 0, 0.6884646572911005] &  [168, 0, 0.7284794395054346] &  [200, 0, 0.7254197212158687] \\
6    &  [178, 0, 0.7295174796165679] &  [241, 0, 0.7154619081435117] &   [43, 0, 0.7277300041289458] &   [35, 0, 0.6954883095132588] &   [90, 0, 0.7099868879329261] &   [93, 0, 0.7182305169631775] &   [58, 0, 0.7356695251334355] &  [206, 0, 0.7171664299820065] &  [196, 0, 0.7053934473006465] &  [172, 0, 0.6961345789469084] &  [156, 0, 0.7226397409922082] &   [65, 0, 0.7023012680272861] &   [24, 0, 0.7023176187542349] &  [143, 0, 0.6866199940089553] &  [233, 0, 0.7265387993057304] &   [94, 0, 0.7244097242372588] \\
7    &   [42, 0, 0.7171724813779181] &   [34, 0, 0.7102061394262948] &  [104, 0, 0.7207655750542608] &   [86, 0, 0.6941499405101118] &   [88, 0, 0.7044376200966468] &   [220, 0, 0.713844568352224] &  [215, 0, 0.7033182817327897] &  [145, 0, 0.6952738409819003] &   [11, 0, 0.7008780075587078] &  [254, 0, 0.6954869005635788] &  [144, 0, 0.7108201335709561] &  [177, 0, 0.6992159705159897] &   [88, 0, 0.6945497389348535] &  [195, 0, 0.6859896264385955] &   [173, 0, 0.719938668821723] &  [231, 0, 0.7171094814415983] \\
8    &  [252, 0, 0.7137227825385127] &  [207, 0, 0.7096796863237015] &  [209, 0, 0.7150680032343598] &  [167, 0, 0.6925727059284943] &   [49, 0, 0.7032848496387734] &  [248, 0, 0.7036010527106363] &   [29, 0, 0.6996000076111698] &  [230, 0, 0.6915988752527326] &   [60, 0, 0.6989189378884132] &  [243, 0, 0.6936143438430566] &  [141, 0, 0.7098568727176836] &  [151, 0, 0.6985607715326643] &   [84, 0, 0.6933437231251586] &  [149, 0, 0.6834184763594793] &  [128, 0, 0.6989915010467428] &  [147, 0, 0.7148340016760728] \\
\bottomrule
\end{tabular}
