\begin{tabular}{lllllllllllllllll}
\toprule
{} &                            0  &                            1  &                            2  &                            3  &                            4  &                            5  &                            6  &                            7  &                            8  &                            9  &                            10 &                            11 &                            12 &                            13 &                            14 &                            15 \\
\midrule
PGE= &                             0 &                             7 &                             0 &                             0 &                             0 &                             2 &                             0 &                             0 &                           122 &                             0 &                             0 &                             3 &                           219 &                             0 &                             2 &                             1 \\
0    &   [43, 0, 0.7858949011370865] &   [67, 0, 0.8510575308661181] &   [21, 0, 0.9252360171893831] &    [22, 0, 0.789741783720426] &   [40, 0, 0.8876348775664054] &   [204, 0, 0.821158389512546] &   [210, 0, 0.764257004248244] &  [166, 0, 0.8781580431400956] &   [251, 0, 0.650872755874111] &  [247, 0, 0.9014217583511147] &   [21, 0, 0.9429654011879164] &  [132, 0, 0.8630059478338952] &  [141, 0, 0.6553444590970352] &  [207, 0, 0.8568327360585939] &  [223, 0, 0.7542041602197196] &   [18, 0, 0.8756685967628262] \\
1    &  [170, 0, 0.7371437321157279] &  [145, 0, 0.8467023790302719] &  [169, 0, 0.8840936384944379] &   [20, 0, 0.7737339199680222] &   [91, 0, 0.8557821808284847] &   [15, 0, 0.8138040376135258] &  [158, 0, 0.7635769433184268] &  [170, 0, 0.8138954945266509] &    [7, 0, 0.6246463293720623] &  [181, 0, 0.8902985074053029] &  [165, 0, 0.8554993882530647] &   [22, 0, 0.8601892621654156] &   [64, 0, 0.6296197538038124] &  [115, 0, 0.8125327026964984] &  [211, 0, 0.7432486497002735] &   [60, 0, 0.8721320245026927] \\
2    &  [249, 0, 0.7321419086577756] &   [97, 0, 0.8338735241386551] &  [248, 0, 0.8765564662303154] &   [56, 0, 0.7654101784533922] &   [70, 0, 0.8556229352378897] &  [174, 0, 0.8046483206004655] &   [83, 0, 0.7348946685671299] &  [198, 0, 0.8090437079805359] &  [129, 0, 0.6233993322943545] &   [52, 0, 0.8830147993798487] &  [167, 0, 0.8431371321053761] &  [134, 0, 0.8476285585845683] &   [84, 0, 0.5976697489326531] &  [131, 0, 0.7895446119247014] &   [79, 0, 0.7423470312401242] &  [241, 0, 0.8566442134368459] \\
3    &  [203, 0, 0.7288073596858073] &  [174, 0, 0.8223102590180794] &   [68, 0, 0.8754024912378308] &    [58, 0, 0.765179556867104] &  [154, 0, 0.8488046556670041] &   [50, 0, 0.8001100045364191] &  [127, 0, 0.7260988001753527] &  [132, 0, 0.8068747606253761] &   [77, 0, 0.6205313451827457] &  [245, 0, 0.8731041354923512] &   [23, 0, 0.8382330450043778] &  [136, 0, 0.8411390833309788] &    [98, 0, 0.581880187587566] &  [195, 0, 0.7877978122257564] &    [65, 0, 0.742204641095226] &  [221, 0, 0.8559498480941059] \\
4    &   [200, 0, 0.716764360477996] &  [236, 0, 0.8218020506514774] &   [36, 0, 0.8725700805842591] &  [251, 0, 0.7649087627979405] &  [214, 0, 0.8482105953679908] &   [33, 0, 0.7837226180540415] &   [61, 0, 0.7217498820377214] &   [39, 0, 0.7996980703537984] &  [244, 0, 0.6041961215525693] &  [202, 0, 0.8704927249738127] &   [85, 0, 0.8364102026925747] &  [181, 0, 0.8393606193852614] &   [207, 0, 0.579110315074102] &   [63, 0, 0.7815864223622908] &  [241, 0, 0.7400609004338164] &  [160, 0, 0.8496942858868273] \\
5    &   [22, 0, 0.7075701090412905] &  [204, 0, 0.8210043740631484] &   [218, 0, 0.868468859248696] &   [37, 0, 0.7572561162788912] &   [10, 0, 0.8478574412030111] &  [226, 0, 0.7817882457390315] &    [49, 0, 0.717576957710332] &  [101, 0, 0.7886097182331904] &  [188, 0, 0.6041793350114429] &  [155, 0, 0.8653421564430072] &    [42, 0, 0.832503656389988] &   [69, 0, 0.8290792852444716] &    [3, 0, 0.5757671651567325] &  [254, 0, 0.7782235335199841] &  [191, 0, 0.7357772104018395] &   [99, 0, 0.8395587707405001] \\
6    &  [151, 0, 0.7072219234383967] &   [80, 0, 0.8165807433029689] &   [57, 0, 0.8676540775440241] &  [134, 0, 0.7550944734512428] &   [59, 0, 0.8467855740510044] &  [192, 0, 0.7673152025431212] &  [190, 0, 0.7136891235634131] &  [202, 0, 0.7827775078899638] &   [94, 0, 0.6038731977490283] &  [103, 0, 0.8563211541461644] &   [91, 0, 0.8252078669735751] &   [43, 0, 0.8258378917292599] &  [175, 0, 0.5749604332957748] &   [34, 0, 0.7765538246587381] &   [30, 0, 0.7339178626255356] &  [172, 0, 0.8346972508438399] \\
7    &   [20, 0, 0.6988062710108969] &   [126, 0, 0.816182294935445] &  [133, 0, 0.8638762031491942] &  [136, 0, 0.7507055226344203] &  [184, 0, 0.8446743350611455] &   [114, 0, 0.766762946491578] &   [19, 0, 0.7121670286043285] &   [75, 0, 0.7761969507305037] &  [122, 0, 0.6026386774875204] &  [138, 0, 0.8559379231022194] &  [135, 0, 0.8178238213936189] &    [41, 0, 0.822279123642064] &   [52, 0, 0.5697655956239146] &  [225, 0, 0.7764713072142705] &   [82, 0, 0.7300642261516742] &  [162, 0, 0.8326310455059904] \\
8    &  [103, 0, 0.6968211225447628] &  [130, 0, 0.8153052098788489] &   [171, 0, 0.858327376724627] &  [170, 0, 0.7505543882476445] &    [6, 0, 0.8435754112938182] &    [1, 0, 0.7636872528795569] &  [113, 0, 0.7097539698795471] &    [7, 0, 0.7697909150330061] &  [218, 0, 0.6019276833015015] &  [198, 0, 0.8551142416326855] &   [55, 0, 0.8155103689607469] &  [185, 0, 0.8200739653089446] &   [88, 0, 0.5681137409564737] &   [46, 0, 0.7729807824437366] &  [194, 0, 0.7235586343883892] &   [30, 0, 0.8324809814992518] \\
\bottomrule
\end{tabular}
