\begin{tabular}{lllllllllllllllll}
\toprule
{} &                            0  &                            1  &                            2  &                            3  &                            4  &                            5  &                            6  &                            7  &                            8  &                            9  &                            10 &                            11 &                            12 &                            13 &                            14 &                            15 \\
\midrule
PGE= &                             0 &                            15 &                             0 &                             2 &                             2 &                             2 &                             0 &                             0 &                           238 &                             0 &                             0 &                             1 &                           146 &                             0 &                             0 &                             0 \\
0    &   [43, 0, 0.7986482282951388] &    [97, 0, 0.870553195094924] &   [21, 0, 0.9159666277716252] &  [136, 0, 0.8353055850744036] &    [6, 0, 0.8771163879145859] &  [204, 0, 0.8581384329783796] &  [210, 0, 0.7780250269426331] &  [166, 0, 0.8756117333315956] &   [22, 0, 0.7380937236697134] &  [247, 0, 0.8981694097208435] &   [21, 0, 0.9534001584359874] &  [134, 0, 0.8938462688050928] &   [46, 0, 0.7267789654698101] &  [207, 0, 0.8402874027111902] &   [79, 0, 0.7817616393356641] &   [60, 0, 0.8758558407613548] \\
1    &   [52, 0, 0.7557526664638746] &   [35, 0, 0.8701793372078049] &  [248, 0, 0.9024582763610924] &  [170, 0, 0.8183732789858387] &   [10, 0, 0.8750640750884056] &   [15, 0, 0.8261254581123476] &  [107, 0, 0.7694572714716769] &    [75, 0, 0.850948509707049] &    [62, 0, 0.718562185709858] &  [116, 0, 0.8796634242749015] &  [167, 0, 0.8572328543869089] &  [136, 0, 0.8764326400957269] &   [64, 0, 0.7179394535815543] &   [12, 0, 0.8021425004814826] &   [82, 0, 0.7682129183577397] &  [221, 0, 0.8734217419853976] \\
2    &  [116, 0, 0.7524093586230961] &  [172, 0, 0.8646766581659603] &   [68, 0, 0.8848555032489823] &   [22, 0, 0.8122929066970671] &   [40, 0, 0.8683760149230964] &   [174, 0, 0.824357672656704] &  [223, 0, 0.7683821466800597] &  [170, 0, 0.8307546883599124] &  [251, 0, 0.7161664494471872] &   [52, 0, 0.8784736708264569] &  [150, 0, 0.8416095801146803] &  [132, 0, 0.8689832083137718] &  [238, 0, 0.7149414250009287] &   [115, 0, 0.798573776128981] &  [243, 0, 0.7664224628818535] &   [18, 0, 0.8676558693283676] \\
3    &  [170, 0, 0.7348995304860378] &   [80, 0, 0.8545406790299165] &  [169, 0, 0.8831221559230756] &   [56, 0, 0.8069295553944265] &   [55, 0, 0.8629826019215919] &   [50, 0, 0.8140343014604791] &  [158, 0, 0.7632323581263529] &   [198, 0, 0.803950264102751] &    [90, 0, 0.708982213956252] &  [181, 0, 0.8764513461769616] &  [165, 0, 0.8374511832083403] &   [39, 0, 0.8535839365583701] &  [237, 0, 0.7130863971558092] &  [108, 0, 0.7984317017806533] &  [211, 0, 0.7621699519144572] &   [157, 0, 0.848808212733239] \\
4    &   [56, 0, 0.7339326448913491] &  [145, 0, 0.8427365854912531] &  [171, 0, 0.8826343107730186] &   [58, 0, 0.8025454129889968] &  [233, 0, 0.8601625492408193] &  [147, 0, 0.8126624365094595] &  [127, 0, 0.7619840473117423] &    [7, 0, 0.7966058690105665] &  [223, 0, 0.7016367572378938] &   [24, 0, 0.8753591326905235] &  [182, 0, 0.8265543479505801] &   [43, 0, 0.8383648142749497] &   [31, 0, 0.7078800196329892] &  [143, 0, 0.7963265053452819] &   [223, 0, 0.758644264286807] &  [172, 0, 0.8463424144749958] \\
5    &   [37, 0, 0.7326277315563542] &  [109, 0, 0.8415406427658564] &   [218, 0, 0.881644615043306] &   [71, 0, 0.7999112427891099] &   [59, 0, 0.8572803972366166] &   [33, 0, 0.8107376438473196] &   [34, 0, 0.7539644168938481] &  [101, 0, 0.7960505582006075] &  [115, 0, 0.6960320989860401] &  [202, 0, 0.8728402017533486] &    [42, 0, 0.825425496776034] &    [22, 0, 0.829277159261347] &   [66, 0, 0.7070417142524028] &   [63, 0, 0.7905163567376856] &   [48, 0, 0.7582673102201224] &  [160, 0, 0.8451966767016551] \\
6    &  [151, 0, 0.7268511965307591] &   [67, 0, 0.8412900796080386] &   [57, 0, 0.8761267656663969] &   [52, 0, 0.7839459498540624] &  [137, 0, 0.8569061246339001] &  [162, 0, 0.8063130676648179] &  [252, 0, 0.7533547250646274] &    [9, 0, 0.7942779278145663] &  [170, 0, 0.6932812962029176] &  [155, 0, 0.8669412404241734] &   [23, 0, 0.8243340097161924] &   [75, 0, 0.8273903219218917] &   [17, 0, 0.7056730230341445] &    [2, 0, 0.7826535799127652] &   [18, 0, 0.7509397891414548] &    [47, 0, 0.843220824221854] \\
7    &  [106, 0, 0.7242642557119019] &   [47, 0, 0.8409582129155351] &  [133, 0, 0.8749174078591359] &  [251, 0, 0.7832625184897632] &   [91, 0, 0.8510008385196831] &   [13, 0, 0.8045757635767267] &  [190, 0, 0.7531670775993535] &  [202, 0, 0.7825678255573857] &    [47, 0, 0.693240866273364] &   [138, 0, 0.865318103115294] &  [123, 0, 0.8212980906563925] &  [170, 0, 0.8252028890397355] &   [96, 0, 0.7005985390794459] &  [195, 0, 0.7747725896936054] &   [62, 0, 0.7452623677780508] &  [253, 0, 0.8416644652530588] \\
8    &   [20, 0, 0.7232575141795019] &  [174, 0, 0.8395711967021149] &   [212, 0, 0.871862435195946] &   [20, 0, 0.7826146965546389] &  [197, 0, 0.8469949856884798] &    [1, 0, 0.8012013326444388] &   [52, 0, 0.7523295864893645] &   [86, 0, 0.7799615347291946] &   [28, 0, 0.6921185742657289] &   [20, 0, 0.8612132889611562] &   [85, 0, 0.8212697407506457] &   [69, 0, 0.8188549139664243] &   [51, 0, 0.7003538186484893] &   [66, 0, 0.7732080652685125] &  [177, 0, 0.7398576250822745] &   [16, 0, 0.8364469280817841] \\
\bottomrule
\end{tabular}
