\begin{tabular}{lllllllllllllllll}
\toprule
{} &                            0  &                            1  &                            2  &                            3  &                            4  &                            5  &                            6  &                            7  &                            8  &                            9  &                            10 &                            11 &                            12 &                            13 &                            14 &                            15 \\
\midrule
PGE= &                             0 &                             0 &                             0 &                             0 &                             1 &                             0 &                             0 &                             0 &                             0 &                             0 &                             0 &                             0 &                             1 &                             0 &                             0 &                             0 \\
0    &   [43, 0, 0.8691596827401602] &  [126, 0, 0.8231451212360062] &    [21, 0, 0.856020732421295] &   [22, 0, 0.8254586182838216] &   [41, 0, 0.8597550815231754] &   [174, 0, 0.783897261456488] &  [210, 0, 0.8506119197071446] &  [166, 0, 0.8508612338371201] &  [171, 0, 0.8441757300480116] &  [247, 0, 0.9053175687730936] &   [21, 0, 0.9266343437907201] &  [136, 0, 0.8411404774054411] &    [8, 0, 0.8371899351423964] &  [207, 0, 0.8356338906743523] &   [79, 0, 0.7984270955000946] &   [60, 0, 0.8305885414060903] \\
1    &   [42, 0, 0.7588603027699654] &  [127, 0, 0.7391684006926685] &   [20, 0, 0.7474462526149366] &   [23, 0, 0.8146011170197689] &   [40, 0, 0.8316148263774417] &  [175, 0, 0.7416851549907509] &  [211, 0, 0.7271689445510432] &  [167, 0, 0.8109095991225171] &  [170, 0, 0.8158346246875995] &  [246, 0, 0.8161844485492187] &   [20, 0, 0.8034017834745276] &  [137, 0, 0.7997562114390805] &    [9, 0, 0.7443483808082049] &  [206, 0, 0.8217088911183118] &   [78, 0, 0.7715314817976444] &    [61, 0, 0.769199710697816] \\
2    &  [139, 0, 0.6729247171276127] &  [189, 0, 0.7069692461074544] &  [191, 0, 0.6401826095215124] &   [96, 0, 0.6710688166151794] &  [150, 0, 0.6774086924225498] &  [176, 0, 0.6095746405897402] &   [64, 0, 0.7073064332449849] &  [209, 0, 0.6847078085519451] &  [220, 0, 0.7054247509828875] &  [186, 0, 0.7160144127316143] &  [195, 0, 0.7273795120190544] &  [245, 0, 0.7061957476023387] &   [80, 0, 0.6582894136408332] &  [184, 0, 0.6237981555833219] &   [249, 0, 0.668274540908626] &  [167, 0, 0.6972189365941441] \\
3    &   [92, 0, 0.6491759949147886] &  [202, 0, 0.6631877413162103] &   [91, 0, 0.6350447530690143] &  [215, 0, 0.6412825867225632] &  [174, 0, 0.6682791879854333] &   [34, 0, 0.5732183572126531] &  [186, 0, 0.6911153428833808] &  [208, 0, 0.6563618764266077] &  [145, 0, 0.6780883240089889] &   [53, 0, 0.6749499182148705] &   [59, 0, 0.6998048737828143] &   [26, 0, 0.6767337930506351] &  [214, 0, 0.6578652049180251] &   [24, 0, 0.6060681274545497] &  [140, 0, 0.6280581421534949] &     [74, 0, 0.68735693885901] \\
4    &   [67, 0, 0.6482370496121187] &    [9, 0, 0.6501853078241815] &  [141, 0, 0.6321989115405128] &  [195, 0, 0.6311305931905989] &   [187, 0, 0.660989629670096] &  [217, 0, 0.5726667946116207] &    [75, 0, 0.669451931401589] &  [206, 0, 0.6457518965081279] &  [107, 0, 0.6686310844350333] &  [129, 0, 0.6677658395984234] &   [89, 0, 0.6839736312977414] &    [41, 0, 0.661263646236498] &  [169, 0, 0.6488899189345467] &  [156, 0, 0.5971426433271599] &  [160, 0, 0.6259515888384698] &  [204, 0, 0.6524157333351376] \\
5    &  [157, 0, 0.6334172354488793] &  [155, 0, 0.6421408781466601] &  [194, 0, 0.6124590478658313] &  [190, 0, 0.6277378940140332] &   [204, 0, 0.650443882738731] &  [139, 0, 0.5659389300856114] &  [226, 0, 0.6669574984596544] &  [184, 0, 0.6364839555507377] &   [31, 0, 0.6391370203704086] &  [244, 0, 0.6628612389386832] &  [180, 0, 0.6668161334604182] &  [254, 0, 0.6529522214897122] &  [168, 0, 0.6459216482962816] &   [43, 0, 0.5951810709240873] &   [44, 0, 0.6242450789559731] &  [100, 0, 0.6506020612359205] \\
6    &  [253, 0, 0.6293249587512402] &   [58, 0, 0.6372805670985285] &    [77, 0, 0.606556375405987] &  [243, 0, 0.6251882780918084] &  [254, 0, 0.6415794019738171] &   [60, 0, 0.5653991864877154] &   [35, 0, 0.6647832961672587] &  [113, 0, 0.6162250210307597] &   [37, 0, 0.6293166784461349] &  [205, 0, 0.6586890818957633] &  [145, 0, 0.6667909202022306] &  [208, 0, 0.6466305186245952] &  [127, 0, 0.6422344591396225] &  [245, 0, 0.5937418020135261] &  [188, 0, 0.6219268971899359] &  [235, 0, 0.6494611343656983] \\
7    &    [176, 0, 0.62023645675342] &  [191, 0, 0.6310496387813486] &  [231, 0, 0.5991453729104048] &   [77, 0, 0.6235866354965821] &  [108, 0, 0.6397230121442388] &  [120, 0, 0.5640670226498874] &   [19, 0, 0.6592916581775266] &  [254, 0, 0.6032834622714045] &   [230, 0, 0.626296284513661] &   [175, 0, 0.653302910779647] &  [229, 0, 0.6648753714212444] &  [122, 0, 0.6338588537974161] &   [44, 0, 0.6191533749638393] &  [151, 0, 0.5911489728801091] &   [57, 0, 0.6182102242224597] &  [101, 0, 0.6456045050717852] \\
8    &  [252, 0, 0.6164876532819917] &   [23, 0, 0.6308481528430504] &   [147, 0, 0.598473428359711] &  [125, 0, 0.6116586267244691] &   [60, 0, 0.6374564813112031] &  [247, 0, 0.5598610326827219] &   [151, 0, 0.647589530726091] &  [137, 0, 0.5964136500520666] &  [116, 0, 0.6245381253734538] &  [110, 0, 0.6468530985705037] &   [80, 0, 0.6515898066865051] &   [95, 0, 0.6330865565187951] &  [142, 0, 0.6191332737249952] &   [149, 0, 0.590254017687506] &  [152, 0, 0.6170979272639779] &   [75, 0, 0.6419669984222882] \\
\bottomrule
\end{tabular}
