\begin{tabular}{lllllllllllllllll}
\toprule
{} &                            0  &                            1  &                            2  &                            3  &                            4  &                            5  &                            6  &                            7  &                            8  &                            9  &                            10 &                            11 &                            12 &                            13 &                            14 &                            15 \\
\midrule
PGE= &                             0 &                             0 &                             0 &                             0 &                             0 &                             0 &                             0 &                             0 &                             0 &                             0 &                             0 &                             0 &                             1 &                             1 &                             0 &                             2 \\
0    &   [43, 0, 0.8513829102320776] &  [126, 0, 0.8638358997024077] &   [21, 0, 0.8820840930703818] &    [22, 0, 0.775254205776328] &    [40, 0, 0.914295785779122] &  [174, 0, 0.8032471375784881] &  [210, 0, 0.9016289824286019] &  [166, 0, 0.8977203745884533] &  [171, 0, 0.7613484228388127] &  [247, 0, 0.9080626651047728] &   [21, 0, 0.9309978228008234] &  [136, 0, 0.8513605718747629] &    [8, 0, 0.8597904677418478] &  [206, 0, 0.8575255310289249] &   [79, 0, 0.8617970461361936] &   [61, 0, 0.8065976478528735] \\
1    &   [42, 0, 0.7602740650280839] &  [189, 0, 0.8005993126559873] &   [20, 0, 0.7905244709712939] &   [23, 0, 0.7565365888246607] &   [41, 0, 0.8945563178888908] &  [234, 0, 0.7664870826262283] &  [165, 0, 0.7568317493246948] &  [167, 0, 0.8325977796825595] &  [170, 0, 0.7125549490122153] &  [246, 0, 0.8580148216593656] &  [152, 0, 0.8184623331640734] &  [137, 0, 0.8070155928904722] &    [9, 0, 0.7846561614068259] &   [207, 0, 0.848096513389224] &   [44, 0, 0.7533502382729019] &  [167, 0, 0.8027791135712724] \\
2    &   [92, 0, 0.7582839962909931] &    [9, 0, 0.7653034645853074] &  [181, 0, 0.7612718749793859] &  [126, 0, 0.6994454083206979] &  [150, 0, 0.7782632911898872] &  [131, 0, 0.7623084621159523] &   [102, 0, 0.723216030385863] &  [205, 0, 0.7032718549935671] &   [91, 0, 0.6654478011911451] &   [131, 0, 0.785463189052966] &   [20, 0, 0.7940687505911077] &   [26, 0, 0.7083002434863952] &   [44, 0, 0.7695857978232292] &  [245, 0, 0.7739318849345899] &   [78, 0, 0.7319787145552898] &   [60, 0, 0.7932420070479129] \\
3    &  [115, 0, 0.7525867181311021] &  [160, 0, 0.7428600445479113] &    [0, 0, 0.6890289825967424] &    [77, 0, 0.698991684412811] &   [254, 0, 0.776331400776013] &   [85, 0, 0.7406698979230364] &  [177, 0, 0.7128308666494918] &  [208, 0, 0.6851423897129675] &  [176, 0, 0.6624594844946025] &   [74, 0, 0.7492136058281024] &   [88, 0, 0.7588018394866687] &  [122, 0, 0.7031405891567705] &  [214, 0, 0.7343051774614021] &   [43, 0, 0.7209498220988505] &  [189, 0, 0.7233525103042621] &  [159, 0, 0.7723482117530379] \\
4    &   [67, 0, 0.7520140533560403] &   [68, 0, 0.7376996084569214] &   [91, 0, 0.6879113379745774] &  [162, 0, 0.6946220988153822] &  [114, 0, 0.7479504024370048] &  [176, 0, 0.7361337308312031] &  [128, 0, 0.7125248695742618] &   [83, 0, 0.6837306327382081] &  [200, 0, 0.6555779305086433] &  [244, 0, 0.7464332075615571] &   [220, 0, 0.749251102008365] &  [208, 0, 0.6899612817160542] &  [249, 0, 0.7218618083576728] &  [114, 0, 0.7074767303444683] &  [140, 0, 0.7206447743002106] &   [199, 0, 0.771440404150035] \\
5    &  [176, 0, 0.7463748312383172] &  [202, 0, 0.7372404155811152] &  [215, 0, 0.6827179878460536] &  [213, 0, 0.6887632642670934] &  [108, 0, 0.7450763935917732] &   [217, 0, 0.730003851732571] &   [17, 0, 0.7046274196208147] &  [113, 0, 0.6797053362812204] &   [69, 0, 0.6447037769872489] &  [206, 0, 0.7367030169149432] &  [171, 0, 0.7439096012589052] &  [157, 0, 0.6828819334847109] &   [79, 0, 0.7053396314247684] &  [210, 0, 0.7000005381923955] &   [90, 0, 0.7169370839517579] &   [74, 0, 0.7561231084109917] \\
6    &  [252, 0, 0.7385713649318417] &  [127, 0, 0.7365232515937387] &  [126, 0, 0.6742082194130045] &  [231, 0, 0.6879067370732764] &  [130, 0, 0.7443363742359439] &   [25, 0, 0.6979483576798516] &    [94, 0, 0.698021496572881] &  [164, 0, 0.6763388817944102] &    [1, 0, 0.6306434301369055] &  [236, 0, 0.7272441605347262] &   [97, 0, 0.7387235658733444] &   [73, 0, 0.6801233089724324] &  [237, 0, 0.7000225866857797] &  [130, 0, 0.6965953953414128] &    [39, 0, 0.710335466027808] &  [208, 0, 0.7529971035996377] \\
7    &   [53, 0, 0.7302527597692642] &   [96, 0, 0.7285835806631965] &   [63, 0, 0.6698319502174191] &   [58, 0, 0.6713247542971222] &   [227, 0, 0.742454420605646] &  [175, 0, 0.6815076154524025] &  [120, 0, 0.6952930804328409] &  [151, 0, 0.6715853817205009] &  [145, 0, 0.6280334388888958] &  [186, 0, 0.7075886782091806] &  [104, 0, 0.7370049219517183] &  [245, 0, 0.6674395158485875] &    [1, 0, 0.6981300273847495] &   [73, 0, 0.6794829131649451] &  [251, 0, 0.6992495070140162] &   [17, 0, 0.7471562269710676] \\
8    &  [234, 0, 0.7233379960867229] &    [51, 0, 0.724534437038171] &  [214, 0, 0.6565324894789772] &  [215, 0, 0.6644853404601194] &  [253, 0, 0.7385222214871073] &   [52, 0, 0.6812856782127027] &  [245, 0, 0.6946366366232561] &   [52, 0, 0.6640065386172503] &   [50, 0, 0.6275968165928879] &  [199, 0, 0.7019592366199713] &  [243, 0, 0.7279333782096515] &   [41, 0, 0.6629770521725145] &   [127, 0, 0.697358805433799] &  [173, 0, 0.6793805609442675] &  [105, 0, 0.6969436707764615] &  [150, 0, 0.7324173632223892] \\
\bottomrule
\end{tabular}
