\begin{tabular}{lllllllllllllllll}
\toprule
{} &                            0  &                            1  &                            2  &                            3  &                            4  &                            5  &                            6  &                            7  &                            8  &                            9  &                            10 &                            11 &                            12 &                            13 &                            14 &                            15 \\
\midrule
PGE= &                             0 &                             0 &                             0 &                             0 &                             1 &                             0 &                             0 &                             0 &                             0 &                             0 &                             0 &                             0 &                             1 &                             0 &                             0 &                             0 \\
0    &   [43, 0, 0.8578622008813129] &  [126, 0, 0.8309263637110429] &   [21, 0, 0.8423068154704939] &   [22, 0, 0.8105053150900233] &   [41, 0, 0.8757032593404409] &  [174, 0, 0.7960629131948522] &  [210, 0, 0.8686034896875365] &   [166, 0, 0.828942343213942] &  [171, 0, 0.8086442642770398] &  [247, 0, 0.9156740607292624] &    [21, 0, 0.933129068362818] &  [136, 0, 0.8602137182186083] &    [8, 0, 0.8595451491935483] &  [207, 0, 0.8568143532584236] &    [79, 0, 0.809954223992938] &   [60, 0, 0.8523326588705558] \\
1    &   [42, 0, 0.7510907934187142] &  [127, 0, 0.7517752275515004] &   [20, 0, 0.7469049074459798] &   [23, 0, 0.8058189586006433] &   [40, 0, 0.8555401045293093] &  [175, 0, 0.7180750395823615] &   [64, 0, 0.6915570322843098] &  [167, 0, 0.7993821928678415] &  [170, 0, 0.7490757316500594] &  [246, 0, 0.8218548221229177] &   [20, 0, 0.7953741751998615] &  [137, 0, 0.7891126552808437] &    [9, 0, 0.7699914847028891] &  [206, 0, 0.8491385603392347] &   [78, 0, 0.7285420548466252] &   [61, 0, 0.7828597914058284] \\
2    &  [252, 0, 0.6691397382355744] &  [189, 0, 0.7032207670691114] &  [191, 0, 0.6806206612918626] &  [215, 0, 0.6408810475261226] &  [150, 0, 0.7013688015909044] &  [176, 0, 0.6471804270987478] &  [186, 0, 0.6876973298013479] &  [113, 0, 0.6606888572602441] &  [230, 0, 0.6673632312334162] &  [186, 0, 0.7536428120208418] &  [195, 0, 0.7340363357526055] &    [245, 0, 0.71464926616385] &   [80, 0, 0.6993132140986451] &   [245, 0, 0.686648767255836] &  [249, 0, 0.6750358266858509] &  [167, 0, 0.7157680762240526] \\
3    &   [67, 0, 0.6555109477435798] &  [202, 0, 0.7000758551961969] &   [91, 0, 0.6478322519638176] &   [96, 0, 0.6308781300866368] &  [187, 0, 0.6862107414481093] &  [217, 0, 0.5936800329261108] &  [211, 0, 0.6872963071862462] &  [184, 0, 0.6349112521814677] &  [145, 0, 0.6487555518409265] &  [129, 0, 0.6823991651238512] &  [229, 0, 0.7235743344249581] &   [26, 0, 0.6885987070547526] &  [168, 0, 0.6778250942071936] &  [156, 0, 0.6495087905200634] &  [105, 0, 0.6481284413306023] &   [74, 0, 0.6932596550696376] \\
4    &  [176, 0, 0.6531591454862641] &   [23, 0, 0.6845913287624202] &  [240, 0, 0.6253302057000779] &    [8, 0, 0.6286407521260299] &  [176, 0, 0.6849728247867899] &   [246, 0, 0.591955694961568] &  [209, 0, 0.6762221489909439] &  [208, 0, 0.6303060150687346] &   [31, 0, 0.6378912822336114] &  [244, 0, 0.6730350871728085] &   [59, 0, 0.7112749048872891] &   [17, 0, 0.6567532835453461] &  [106, 0, 0.6751493645428771] &  [184, 0, 0.6471183285705964] &   [58, 0, 0.6441181312599431] &  [204, 0, 0.6753073537683474] \\
5    &  [157, 0, 0.6502006286476852] &  [155, 0, 0.6790256726672814] &  [194, 0, 0.6246170949268701] &    [78, 0, 0.619121174260418] &  [199, 0, 0.6767938638398792] &  [198, 0, 0.5846897213645619] &    [35, 0, 0.659282513807062] &   [209, 0, 0.621177122898818] &  [220, 0, 0.6267515075233221] &  [175, 0, 0.6664005168686014] &  [180, 0, 0.7033007121203424] &   [41, 0, 0.6549198072742757] &  [214, 0, 0.6656370497955051] &   [43, 0, 0.6463470782069553] &  [140, 0, 0.6439689221858523] &   [17, 0, 0.6703622931170855] \\
6    &   [139, 0, 0.648608704976865] &    [9, 0, 0.6745660959277597] &  [181, 0, 0.6225361103351299] &  [195, 0, 0.6188246091236755] &  [254, 0, 0.6737843898810341] &  [113, 0, 0.5800223301094939] &  [226, 0, 0.6563929206203792] &   [205, 0, 0.596511770955039] &   [37, 0, 0.6225348981230445] &  [225, 0, 0.6625992025367182] &  [152, 0, 0.7024614332076585] &  [208, 0, 0.6464563918692486] &   [44, 0, 0.6617406751867716] &  [149, 0, 0.6355308535463118] &  [188, 0, 0.6357111917119176] &  [206, 0, 0.6646898763877992] \\
7    &   [72, 0, 0.6429077293333196] &   [58, 0, 0.6610267530447472] &  [231, 0, 0.6104222555128569] &   [90, 0, 0.6143806048171286] &  [174, 0, 0.6683395010111636] &  [139, 0, 0.5748334672035598] &  [185, 0, 0.6554385537921188] &   [52, 0, 0.5937974156388454] &  [107, 0, 0.6172036242304708] &    [53, 0, 0.660421423713164] &   [89, 0, 0.6991326355905608] &  [254, 0, 0.6387537605166447] &  [169, 0, 0.6454473059744172] &   [16, 0, 0.6238983663283048] &  [228, 0, 0.6354113837318515] &   [100, 0, 0.664212227831279] \\
8    &   [92, 0, 0.6400436104251552] &  [192, 0, 0.6563160355772768] &   [89, 0, 0.5932643587718427] &  [127, 0, 0.6139281960859065] &   [92, 0, 0.6640759015301194] &   [60, 0, 0.5709756117886602] &   [16, 0, 0.6536261843003939] &  [137, 0, 0.5777252940225601] &  [104, 0, 0.6066228517712929] &   [111, 0, 0.659080412213835] &  [104, 0, 0.6879479422999082] &  [177, 0, 0.6386940619219034] &  [237, 0, 0.6441306326318843] &   [110, 0, 0.623381099462378] &  [229, 0, 0.6337552899093408] &  [150, 0, 0.6632441639272518] \\
\bottomrule
\end{tabular}
