\begin{tabular}{lllllllllllllllll}
\toprule
{} &                             0  &                             1  &                             2  &                             3  &                             4  &                             5  &                             6  &                            7  &                             8  &                             9  &                            10 &                             11 &                            12 &                             13 &                             14 &                             15 \\
\midrule
PGE= &                              0 &                              0 &                              0 &                              0 &                              0 &                              0 &                              0 &                             0 &                              2 &                              0 &                             0 &                              0 &                             0 &                              0 &                              0 &                              0 \\
0    &    [43, 0, 0.8700536212866845] &   [126, 0, 0.7988931017002752] &    [21, 0, 0.7841292069908525] &    [22, 0, 0.7992162172097506] &    [40, 0, 0.8842734740700499] &   [174, 0, 0.8571657670652131] &   [210, 0, 0.7536865541404295] &  [166, 0, 0.8181385021056731] &    [170, 0, 0.587048923452753] &   [247, 0, 0.8858841658829261] &   [21, 0, 0.8996885919312796] &     [136, 0, 0.84262329372952] &     [9, 0, 0.676395467879994] &   [207, 0, 0.8349106945573521] &    [79, 0, 0.8254180291481654] &    [60, 0, 0.8239780617646765] \\
1    &     [42, 0, 0.692277182557737] &   [127, 0, 0.5602783376643123] &    [20, 0, 0.6464475485216565] &    [49, 0, 0.5078947187500056] &    [41, 0, 0.6526145008513305] &   [175, 0, 0.6755132745664806] &   [211, 0, 0.7141424708900905] &  [167, 0, 0.6064694734790025] &    [56, 0, 0.5162460904137379] &   [246, 0, 0.6708748006415794] &   [20, 0, 0.7494428016222463] &    [137, 0, 0.695293781800817] &    [8, 0, 0.6263165327052265] &   [206, 0, 0.5544718731767503] &    [78, 0, 0.5862622569880807] &      [61, 0, 0.52639998213334] \\
2    &  [174, 0, 0.49047654844982347] &   [245, 0, 0.5072894537108816] &   [233, 0, 0.5137784432265806] &    [23, 0, 0.4965775198567569] &   [116, 0, 0.4896967037539266] &    [61, 0, 0.5397487525270287] &    [65, 0, 0.5077504947297384] &   [16, 0, 0.5249273928290034] &   [171, 0, 0.5092213687968512] &  [127, 0, 0.48099653390354974] &    [40, 0, 0.531488310565632] &   [205, 0, 0.5447035208441604] &  [143, 0, 0.5413931931288635] &   [205, 0, 0.5213453903989408] &   [106, 0, 0.5410531828065775] &    [22, 0, 0.5098293293547013] \\
3    &    [221, 0, 0.490211861287061] &   [196, 0, 0.5004224852610705] &  [248, 0, 0.49411157106042225] &   [86, 0, 0.49147361112802823] &    [35, 0, 0.4872750020157488] &    [36, 0, 0.5183663716018153] &    [32, 0, 0.4985896741555311] &  [223, 0, 0.5213355257562832] &    [11, 0, 0.4966551115432926] &      [17, 0, 0.47737084677023] &  [252, 0, 0.4841174116103301] &    [80, 0, 0.5168229262174714] &  [206, 0, 0.4974861150554215] &   [185, 0, 0.5125091522913804] &   [104, 0, 0.5270380346042768] &   [253, 0, 0.5065693749675126] \\
4    &  [197, 0, 0.48261239624233193] &  [133, 0, 0.49437749789120716] &   [219, 0, 0.4861353523527813] &     [4, 0, 0.4734369131455522] &    [22, 0, 0.4865530307200859] &   [108, 0, 0.4888111248194856] &  [116, 0, 0.48409892455548426] &   [34, 0, 0.5041576954692658] &    [40, 0, 0.4913923285639295] &    [60, 0, 0.4735085116131651] &  [177, 0, 0.4831517502666175] &   [42, 0, 0.47766671173725694] &  [23, 0, 0.48326683132111103] &    [76, 0, 0.4962160729382014] &   [122, 0, 0.5022051986174865] &    [197, 0, 0.493536695452331] \\
5    &    [56, 0, 0.4805008542549926] &    [11, 0, 0.4834184068649977] &  [218, 0, 0.48336294803665375] &   [150, 0, 0.4676819018459328] &    [97, 0, 0.4689735045867771] &  [205, 0, 0.47576191316412214] &    [113, 0, 0.482804838849333] &  [59, 0, 0.49151012166135316] &   [209, 0, 0.4678701692372186] &  [114, 0, 0.47271122061648846] &  [242, 0, 0.4773267947510767] &     [86, 0, 0.476774489870823] &  [207, 0, 0.4780825674016182] &   [75, 0, 0.48637034265834733] &  [151, 0, 0.49033758711143555] &   [134, 0, 0.4900003500425645] \\
6    &   [35, 0, 0.47957118116702474] &   [95, 0, 0.47950988528017746] &    [78, 0, 0.4778913996310415] &  [154, 0, 0.46529108156974575] &  [131, 0, 0.46421876576225946] &   [62, 0, 0.46289889109913973] &    [50, 0, 0.4626457032327997] &  [79, 0, 0.47704146872982073] &  [248, 0, 0.46621525388115975] &  [239, 0, 0.47182714912377577] &  [92, 0, 0.47680409074398106] &  [159, 0, 0.47061349815832676] &  [77, 0, 0.47617009235783697] &   [121, 0, 0.4788059628303301] &   [179, 0, 0.4857976082483291] &   [56, 0, 0.48746078647655694] \\
7    &    [249, 0, 0.466239693388636] &  [189, 0, 0.46998189951809927] &  [214, 0, 0.46298775263424347] &     [84, 0, 0.462596210485086] &    [12, 0, 0.4620012768150153] &    [33, 0, 0.4616574839341925] &   [225, 0, 0.4575762836903441] &  [73, 0, 0.47107493777837495] &    [14, 0, 0.4625846857660837] &    [7, 0, 0.46945017697327884] &  [133, 0, 0.4734311543358948] &  [148, 0, 0.47002896874366173] &  [187, 0, 0.4639462749922199] &   [179, 0, 0.4780066379252037] &   [141, 0, 0.4850489605550286] &  [147, 0, 0.48139069618661856] \\
8    &    [72, 0, 0.4647533983120626] &   [254, 0, 0.4682550967539764] &   [209, 0, 0.4546128396083155] &    [16, 0, 0.4593093620563558] &  [245, 0, 0.45722389874796515] &   [26, 0, 0.46062024390694295] &  [217, 0, 0.45599068147013344] &  [65, 0, 0.46306385161509234] &   [52, 0, 0.46128635694643527] &   [112, 0, 0.4673422532367702] &  [104, 0, 0.4663010226427392] &   [218, 0, 0.4661365380140914] &  [128, 0, 0.4558902996091065] &  [100, 0, 0.47444837149586405] &  [150, 0, 0.48217985822042986] &    [30, 0, 0.4810679622894731] \\
\bottomrule
\end{tabular}
