\begin{tabular}{lllllllllllllllll}
\toprule
{} &                            0  &                            1  &                            2  &                            3  &                            4  &                            5  &                            6  &                            7  &                            8  &                            9  &                            10 &                            11 &                            12 &                            13 &                            14 &                            15 \\
\midrule
PGE= &                             0 &                             0 &                             0 &                             0 &                             0 &                             0 &                             0 &                             0 &                            77 &                             0 &                             0 &                             0 &                             0 &                             0 &                             0 &                             0 \\
0    &    [43, 0, 0.903775098690304] &  [126, 0, 0.8526207035204266] &   [21, 0, 0.7668105573050603] &   [22, 0, 0.8401518869461272] &   [40, 0, 0.8909923212811077] &  [174, 0, 0.8004409540918728] &  [210, 0, 0.8302248996358758] &  [166, 0, 0.8319739394459625] &   [154, 0, 0.690551564280245] &  [247, 0, 0.9048442816708547] &   [21, 0, 0.8954965488255124] &  [136, 0, 0.8876032386714758] &    [9, 0, 0.7318162019653054] &  [207, 0, 0.8437979167085535] &   [79, 0, 0.8759650750455172] &   [60, 0, 0.8349244518311715] \\
1    &  [151, 0, 0.6988686008566208] &   [16, 0, 0.6835507753377713] &   [67, 0, 0.6586968432468623] &   [158, 0, 0.668622381140016] &  [178, 0, 0.6346723056817071] &   [61, 0, 0.6530363518172182] &   [110, 0, 0.667130591269053] &  [215, 0, 0.6749984846712354] &   [60, 0, 0.6444783080194263] &  [226, 0, 0.6741812077210293] &   [20, 0, 0.7087221931611897] &   [28, 0, 0.6609443790930787] &   [180, 0, 0.699145962651732] &   [25, 0, 0.6824148116751161] &  [141, 0, 0.6609156659849911] &    [0, 0, 0.7243878033684571] \\
2    &    [98, 0, 0.647909103607827] &  [145, 0, 0.6698936248937585] &   [58, 0, 0.6568918094443472] &  [149, 0, 0.6435995923378286] &  [164, 0, 0.6316646596064851] &   [75, 0, 0.6482734972111732] &  [163, 0, 0.6563128280620624] &  [211, 0, 0.6565351711191153] &  [124, 0, 0.6432457846247122] &  [175, 0, 0.6727278740462678] &  [196, 0, 0.7064673679248314] &  [141, 0, 0.6545410257620734] &   [91, 0, 0.6527239578270532] &    [19, 0, 0.664370117725099] &  [116, 0, 0.6575972182109883] &  [140, 0, 0.7018013192855678] \\
3    &   [206, 0, 0.637249390089695] &    [8, 0, 0.6551148119567045] &   [41, 0, 0.6529123913703349] &  [122, 0, 0.6431655737671375] &  [163, 0, 0.6144669960398778] &  [109, 0, 0.6420930371084317] &  [170, 0, 0.6548328259312507] &  [112, 0, 0.6500738008323949] &   [36, 0, 0.6387756915689772] &   [85, 0, 0.6713368246876352] &  [221, 0, 0.6707770141309831] &  [148, 0, 0.6536115118633868] &  [222, 0, 0.6428157933801425] &   [45, 0, 0.6567261774026206] &  [220, 0, 0.6504233334206148] &  [147, 0, 0.6773994114324701] \\
4    &  [183, 0, 0.6363546959059199] &  [133, 0, 0.6514695588389127] &  [194, 0, 0.6385552922484636] &  [246, 0, 0.6382827347981771] &   [62, 0, 0.6085313242825675] &  [175, 0, 0.6344127680862236] &  [121, 0, 0.6414744103748979] &  [168, 0, 0.6492881733438074] &   [80, 0, 0.6305221559934813] &    [138, 0, 0.66101215612116] &  [215, 0, 0.6570424955148254] &  [251, 0, 0.6432849719749771] &  [170, 0, 0.6388793629558697] &   [122, 0, 0.655747746504165] &   [20, 0, 0.6481092741690666] &  [253, 0, 0.6669573846459194] \\
5    &   [25, 0, 0.6360673326382965] &  [228, 0, 0.6500932335332307] &  [145, 0, 0.6381494451637705] &   [148, 0, 0.634761780708016] &   [48, 0, 0.6073073711503704] &   [67, 0, 0.6338865384683012] &    [69, 0, 0.626392300523961] &  [195, 0, 0.6392608843650319] &   [113, 0, 0.628919192100517] &    [98, 0, 0.658789215322787] &   [73, 0, 0.6405290312907527] &  [137, 0, 0.6431451438600712] &  [166, 0, 0.6334097926121464] &  [205, 0, 0.6496245354377495] &    [35, 0, 0.647880282608479] &  [211, 0, 0.6666660419206454] \\
6    &  [135, 0, 0.6359493792090058] &  [169, 0, 0.6402798447780631] &  [172, 0, 0.6370364112997264] &    [84, 0, 0.632730637449015] &   [16, 0, 0.6071188315981583] &   [95, 0, 0.6301425963990434] &   [211, 0, 0.623948014261645] &   [59, 0, 0.6318302099356988] &   [97, 0, 0.6273074480682354] &   [89, 0, 0.6575797363773467] &  [190, 0, 0.6392176807046862] &  [203, 0, 0.6393483811019957] &  [113, 0, 0.6254363616230313] &   [234, 0, 0.645255966059481] &   [50, 0, 0.6422122680886809] &  [155, 0, 0.6416180002233085] \\
7    &   [127, 0, 0.634546638373809] &  [100, 0, 0.6355863242341592] &   [26, 0, 0.6353264181769845] &  [164, 0, 0.6322780380354909] &   [118, 0, 0.606060987955524] &  [141, 0, 0.6292195595945891] &  [108, 0, 0.6227284275370352] &  [176, 0, 0.6247563785373947] &   [120, 0, 0.623736560626161] &  [228, 0, 0.6453610080512971] &  [153, 0, 0.6355551878833594] &   [79, 0, 0.6376050129863959] &   [78, 0, 0.6249810949595068] &  [246, 0, 0.6415305486394568] &   [47, 0, 0.6295055161420611] &  [136, 0, 0.6345234253146783] \\
8    &   [42, 0, 0.6334784777627024] &  [167, 0, 0.6317894065401298] &   [30, 0, 0.6274629322479546] &  [168, 0, 0.6206971372795507] &   [41, 0, 0.6011228915612542] &   [36, 0, 0.6240397781800103] &  [241, 0, 0.6183434955275198] &    [0, 0, 0.6239168473108061] &  [187, 0, 0.6196322515688937] &  [246, 0, 0.6449301936598006] &  [197, 0, 0.6306876425387301] &   [17, 0, 0.6319104733720371] &  [235, 0, 0.6236781118456609] &   [89, 0, 0.6300055696997808] &  [106, 0, 0.6267256957575558] &  [184, 0, 0.6259077763343108] \\
\bottomrule
\end{tabular}
