\begin{tabular}{lllllllllllllllll}
\toprule
{} &                            0  &                            1  &                            2  &                            3  &                            4  &                            5  &                            6  &                            7  &                            8  &                            9  &                            10 &                            11 &                            12 &                            13 &                            14 &                            15 \\
\midrule
PGE= &                             0 &                             0 &                             0 &                             0 &                             0 &                             0 &                             0 &                             0 &                            18 &                             0 &                             0 &                             0 &                             0 &                             0 &                             0 &                             0 \\
0    &   [43, 0, 0.8930876209688432] &  [126, 0, 0.8502027720949377] &   [21, 0, 0.7646587824042027] &   [22, 0, 0.8488769245784316] &    [40, 0, 0.882277163875463] &  [174, 0, 0.8439009332470772] &  [210, 0, 0.8040085388603252] &   [166, 0, 0.853190325942288] &  [154, 0, 0.6046069246434381] &  [247, 0, 0.8937999559854996] &   [21, 0, 0.9013004431896293] &  [136, 0, 0.8657787404308404] &    [9, 0, 0.6800398030494939] &  [207, 0, 0.8330695624421155] &   [79, 0, 0.8662142876394637] &   [60, 0, 0.8127707184096514] \\
1    &   [42, 0, 0.6675888357093496] &  [210, 0, 0.6438977580146471] &    [4, 0, 0.6182112827487809] &  [246, 0, 0.6706600009192408] &  [178, 0, 0.6728057446928655] &  [175, 0, 0.6911897459675523] &  [211, 0, 0.6536177584150753] &  [167, 0, 0.6409126482751584] &   [60, 0, 0.5936007233205473] &   [246, 0, 0.651370969740053] &   [20, 0, 0.7151162084215851] &  [137, 0, 0.6451764111240949] &  [219, 0, 0.6051434114466632] &   [25, 0, 0.6290719007224556] &  [141, 0, 0.6289135798236261] &  [147, 0, 0.6493630457705045] \\
2    &   [221, 0, 0.602578467178787] &  [196, 0, 0.6054546713353479] &   [41, 0, 0.6005665853701478] &   [84, 0, 0.6336168162786557] &   [41, 0, 0.6634024799437461] &   [95, 0, 0.5826274322006989] &  [113, 0, 0.6069891536976891] &  [163, 0, 0.5934855824173456] &   [40, 0, 0.5925122489964416] &  [171, 0, 0.6065812447366076] &   [12, 0, 0.6167983869435015] &   [28, 0, 0.6168005648677389] &  [180, 0, 0.5972877440110851] &   [34, 0, 0.6042735292731153] &   [78, 0, 0.6153540200777611] &    [7, 0, 0.6471325621406351] \\
3    &  [175, 0, 0.6017665993323816] &  [120, 0, 0.5916963158357876] &  [145, 0, 0.5870101270850223] &  [168, 0, 0.6238413624017267] &  [177, 0, 0.6186242694941014] &   [96, 0, 0.5733638473740763] &  [163, 0, 0.5896568125408268] &   [53, 0, 0.5915927355285452] &   [97, 0, 0.5915628452642454] &   [20, 0, 0.6026135183166654] &  [123, 0, 0.5946880312700243] &  [212, 0, 0.6049141975804401] &  [143, 0, 0.5965720566766317] &   [51, 0, 0.5997450901929364] &    [150, 0, 0.59963822684754] &    [0, 0, 0.6437801738887491] \\
4    &  [249, 0, 0.5949281816874575] &  [127, 0, 0.5826209729810427] &   [20, 0, 0.5867563852438151] &   [45, 0, 0.6175769583266142] &  [163, 0, 0.5990134383955216] &   [67, 0, 0.5732080734747457] &     [1, 0, 0.576701827095281] &    [5, 0, 0.5823359506795123] &   [14, 0, 0.5869685214751368] &  [228, 0, 0.5948777809667898] &  [178, 0, 0.5899422345662886] &  [210, 0, 0.5940364186015248] &  [215, 0, 0.5898060449322573] &  [206, 0, 0.5984647915858636] &   [20, 0, 0.5970510579834641] &  [253, 0, 0.6395795322292513] \\
5    &   [110, 0, 0.588350881826201] &  [133, 0, 0.5823368416014995] &  [248, 0, 0.5746072178082202] &  [122, 0, 0.6088014637621216] &  [154, 0, 0.5949262713809023] &    [39, 0, 0.569963679314427] &  [184, 0, 0.5765272873695461] &  [211, 0, 0.5802515614476611] &  [217, 0, 0.5803598127904422] &   [85, 0, 0.5900362234796112] &  [150, 0, 0.5870732267851548] &   [189, 0, 0.592079805383779] &  [246, 0, 0.5888965418462686] &   [45, 0, 0.5875837111628942] &   [50, 0, 0.5963313875189231] &   [22, 0, 0.5965866837738669] \\
6    &   [22, 0, 0.5842673368325587] &  [215, 0, 0.5794821580078255] &  [157, 0, 0.5723341221441932] &   [19, 0, 0.5986435077024316] &  [227, 0, 0.5862776634524544] &  [103, 0, 0.5697022592539721] &    [87, 0, 0.573646133761817] &  [140, 0, 0.5796277616340239] &  [169, 0, 0.5797390608466709] &  [115, 0, 0.5887779637910863] &     [43, 0, 0.58487298520252] &  [219, 0, 0.5917385771218248] &   [40, 0, 0.5852918066606306] &  [122, 0, 0.5823017237871355] &   [70, 0, 0.5889070510617235] &  [240, 0, 0.5943732665453644] \\
7    &  [101, 0, 0.5659395456375859] &  [100, 0, 0.5757107686636719] &  [119, 0, 0.5648682984048956] &  [148, 0, 0.5816971266011495] &  [248, 0, 0.5733647424462439] &  [116, 0, 0.5685659969458027] &  [207, 0, 0.5721303868645481] &   [16, 0, 0.5785660360463161] &   [76, 0, 0.5684560393985448] &  [122, 0, 0.5856263824607488] &   [97, 0, 0.5720448482370486] &   [97, 0, 0.5836775611003288] &  [170, 0, 0.5847161230570087] &  [100, 0, 0.5819760356674747] &   [12, 0, 0.5853340439382293] &  [112, 0, 0.5834251385934753] \\
8    &  [129, 0, 0.5619941830037254] &  [137, 0, 0.5686443540347457] &  [197, 0, 0.5644242682959665] &  [160, 0, 0.5739743947729384] &  [202, 0, 0.5634572517301663] &  [205, 0, 0.5655734620538719] &  [109, 0, 0.5713963208124381] &   [20, 0, 0.5736001393212454] &  [203, 0, 0.5613646000388325] &   [50, 0, 0.5786827737156788] &  [187, 0, 0.5685938524748266] &  [147, 0, 0.5790518208709483] &   [20, 0, 0.5737880194675742] &  [242, 0, 0.5804418887602221] &   [83, 0, 0.5842729333331265] &  [244, 0, 0.5809929623253747] \\
\bottomrule
\end{tabular}
