\begin{tabular}{lllllllllllllllll}
\toprule
{} &                            0  &                            1  &                            2  &                            3  &                            4  &                            5  &                            6  &                            7  &                            8  &                            9  &                            10 &                            11 &                            12 &                            13 &                            14 &                            15 \\
\midrule
PGE= &                            98 &                            92 &                            11 &                           150 &                            27 &                            38 &                            40 &                            84 &                           212 &                            89 &                            26 &                            72 &                            43 &                            34 &                            13 &                           145 \\
0    &   [85, 0, 0.9767520377371095] &   [77, 0, 0.9723230444206484] &  [122, 0, 0.9868156185920447] &  [146, 0, 0.9888425732281158] &  [126, 0, 0.9812500921211633] &   [29, 0, 0.9736211811845665] &    [6, 0, 0.9942333783091373] &  [213, 0, 0.9741810878089385] &  [123, 0, 0.9816904391938593] &   [95, 0, 0.9833204740023526] &   [121, 0, 0.989602754623871] &   [24, 0, 0.9824953780704501] &   [24, 0, 0.9754526204566155] &    [99, 0, 0.967913912761729] &   [56, 0, 0.9785562472730411] &  [136, 0, 0.9777006529114205] \\
1    &   [71, 0, 0.9756407979271049] &   [95, 0, 0.9667003237641881] &  [136, 0, 0.9816873561960794] &     [5, 0, 0.979897371030051] &  [210, 0, 0.9696364519964293] &   [49, 0, 0.9733850369061611] &  [201, 0, 0.9942170177022591] &  [193, 0, 0.9695677278257081] &  [229, 0, 0.9758033294466402] &   [108, 0, 0.974161674778077] &  [233, 0, 0.9849963208929459] &   [36, 0, 0.9808274162658494] &  [172, 0, 0.9728879191387664] &  [150, 0, 0.9659667355663528] &   [23, 0, 0.9779452232548428] &  [171, 0, 0.9742526934101489] \\
2    &  [216, 0, 0.9707260445590883] &  [132, 0, 0.9657092282823866] &  [134, 0, 0.9725366081245014] &  [232, 0, 0.9719247295178711] &   [26, 0, 0.9681499480862433] &  [217, 0, 0.9659780172128563] &   [116, 0, 0.977848886467073] &  [223, 0, 0.9691685310936222] &   [45, 0, 0.9716503307664104] &   [37, 0, 0.9672487001436593] &   [36, 0, 0.9712481564288601] &    [40, 0, 0.973602857128441] &  [165, 0, 0.9668856972068831] &  [176, 0, 0.9648325559840246] &   [55, 0, 0.9716303766575882] &  [163, 0, 0.9742068467102021] \\
3    &    [217, 0, 0.96785691510855] &   [16, 0, 0.9649055253179812] &   [14, 0, 0.9698422858413323] &   [177, 0, 0.970283066842841] &   [12, 0, 0.9668166906266855] &   [50, 0, 0.9650817737257442] &   [56, 0, 0.9692970667884607] &   [29, 0, 0.9678476272664324] &  [139, 0, 0.9682450033551261] &   [89, 0, 0.9671935749474986] &  [108, 0, 0.9701036812468851] &  [114, 0, 0.9685709544180738] &     [122, 0, 0.9658268463451] &  [211, 0, 0.9636855731584678] &   [92, 0, 0.9668021180222682] &   [39, 0, 0.9718287956287146] \\
4    &   [68, 0, 0.9611259434160435] &    [15, 0, 0.964397175651926] &  [242, 0, 0.9693512487018092] &  [221, 0, 0.9685207244703627] &  [198, 0, 0.9657160163953962] &    [4, 0, 0.9648707560979536] &  [228, 0, 0.9674880746134011] &     [7, 0, 0.962450896615023] &   [97, 0, 0.9678241300740232] &  [222, 0, 0.9670272703414797] &  [228, 0, 0.9687189593929656] &  [100, 0, 0.9667699222495024] &   [34, 0, 0.9655460819022826] &  [181, 0, 0.9631723614658174] &   [33, 0, 0.9664361512942095] &  [250, 0, 0.9710348885756479] \\
5    &   [86, 0, 0.9602833558488852] &  [115, 0, 0.9627171951717979] &  [236, 0, 0.9675130127529832] &   [126, 0, 0.965695617353626] &   [41, 0, 0.9650945641418028] &   [234, 0, 0.964843172329208] &   [17, 0, 0.9661775783508655] &  [108, 0, 0.9608073774293027] &  [170, 0, 0.9666273810335305] &   [36, 0, 0.9662453361300865] &   [83, 0, 0.9668250461060124] &   [82, 0, 0.9628159974746469] &    [27, 0, 0.962746188172784] &  [247, 0, 0.9582053445746253] &  [227, 0, 0.9643855463132657] &  [155, 0, 0.9682783645896424] \\
6    &  [187, 0, 0.9601239133750598] &   [97, 0, 0.9624680781036643] &   [91, 0, 0.9668076603107196] &  [172, 0, 0.9640575807280692] &  [199, 0, 0.9602888983574758] &   [67, 0, 0.9636175751358466] &  [239, 0, 0.9630685110853124] &  [127, 0, 0.9594286339211899] &  [205, 0, 0.9656850239306141] &  [161, 0, 0.9652811967257353] &    [132, 0, 0.96228918692434] &    [155, 0, 0.96173017261856] &  [199, 0, 0.9614636476252336] &   [68, 0, 0.9576105229127633] &  [231, 0, 0.9615552950476501] &  [243, 0, 0.9675242955302832] \\
7    &  [120, 0, 0.9599314202473818] &  [134, 0, 0.9618869547489206] &   [28, 0, 0.9655408980190775] &  [197, 0, 0.9640347868074407] &   [106, 0, 0.959175865736982] &  [103, 0, 0.9624928054674348] &  [109, 0, 0.9629614699384679] &  [148, 0, 0.9593499708695102] &   [173, 0, 0.964369968907085] &   [83, 0, 0.9613737899812298] &   [26, 0, 0.9581185207526685] &     [20, 0, 0.95740997092553] &   [70, 0, 0.9569595719702734] &   [34, 0, 0.9568745412308641] &  [238, 0, 0.9611018251686124] &   [37, 0, 0.9655103798310158] \\
8    &   [75, 0, 0.9590250158409032] &  [186, 0, 0.9612512607045082] &   [22, 0, 0.9646352117828865] &  [254, 0, 0.9625975066098726] &  [162, 0, 0.9582803366461368] &  [141, 0, 0.9600139793803002] &    [8, 0, 0.9610189671401002] &   [19, 0, 0.9593233909682479] &    [9, 0, 0.9625033064775876] &  [186, 0, 0.9568615885512496] &      [0, 0, 0.95639389025672] &  [187, 0, 0.9559417937381429] &   [65, 0, 0.9538463536359539] &  [189, 0, 0.9552060255091727] &  [141, 0, 0.9598310250559362] &  [131, 0, 0.9648473721671676] \\
\bottomrule
\end{tabular}
