\begin{tabular}{lllllllllllllllll}
\toprule
{} &                            0  &                            1  &                            2  &                            3  &                            4  &                            5  &                            6  &                            7  &                            8  &                            9  &                            10 &                            11 &                            12 &                            13 &                            14 &                            15 \\
\midrule
PGE= &                             0 &                             0 &                             5 &                             5 &                             0 &                             0 &                             6 &                            12 &                            38 &                             0 &                             0 &                             0 &                            15 &                             0 &                             0 &                             1 \\
0    &   [43, 0, 0.9227616075829461] &  [126, 0, 0.9130130903722897] &   [58, 0, 0.8671078254709308] &  [202, 0, 0.8786963805548507] &   [40, 0, 0.9280911336866018] &  [174, 0, 0.8884940977033184] &  [209, 0, 0.8803698838528178] &   [18, 0, 0.9004143392072008] &  [241, 0, 0.8466592726750459] &  [247, 0, 0.9030506933477807] &   [21, 0, 0.9095102257517949] &  [136, 0, 0.8609267669768328] &  [193, 0, 0.8718412037955631] &  [207, 0, 0.8929897843310515] &   [79, 0, 0.9338838069738377] &  [122, 0, 0.8918958267137456] \\
1    &    [1, 0, 0.8552421187314695] &  [144, 0, 0.8736306371268316] &  [147, 0, 0.8601935165449924] &  [124, 0, 0.8659610484953377] &  [213, 0, 0.8626210799678902] &  [183, 0, 0.8653767162556592] &  [124, 0, 0.8686837679435837] &  [193, 0, 0.8765769522673617] &  [237, 0, 0.8461084206968134] &   [72, 0, 0.8339269238738388] &    [94, 0, 0.851142371003186] &  [108, 0, 0.8452896757503187] &   [24, 0, 0.8533977628471231] &   [34, 0, 0.8634987308863559] &   [77, 0, 0.8527324365161334] &    [60, 0, 0.888693795784491] \\
2    &  [178, 0, 0.8433431036290663] &  [255, 0, 0.8475001439724127] &  [212, 0, 0.8581998726049459] &   [20, 0, 0.8393720596645176] &  [152, 0, 0.8497099402642401] &   [40, 0, 0.8559186368795269] &  [177, 0, 0.8451542547285166] &   [50, 0, 0.8635803281775144] &   [54, 0, 0.8452345631737344] &  [150, 0, 0.8289413853023676] &  [228, 0, 0.8281644757618065] &  [213, 0, 0.8139720190129471] &   [84, 0, 0.8494896509544909] &   [19, 0, 0.8629457192148825] &   [226, 0, 0.837520942427654] &  [241, 0, 0.8634755307878209] \\
3    &  [202, 0, 0.8422554516265539] &  [209, 0, 0.8437004483770095] &   [47, 0, 0.8470650742171674] &  [122, 0, 0.8310514628010248] &   [87, 0, 0.8208112161698127] &  [122, 0, 0.8539083766666645] &  [234, 0, 0.8440820055169075] &   [14, 0, 0.8459386763968098] &   [53, 0, 0.8221351253465055] &   [15, 0, 0.8271747267057915] &   [121, 0, 0.828040469532895] &  [137, 0, 0.8097396371911856] &   [93, 0, 0.8320503604575508] &  [240, 0, 0.8609074643152602] &  [220, 0, 0.8329574304243814] &  [101, 0, 0.8452678430973822] \\
4    &  [216, 0, 0.8199834565105156] &   [16, 0, 0.8325932847535066] &  [181, 0, 0.8443038458100816] &  [169, 0, 0.8293359448073077] &  [177, 0, 0.8200915250530257] &  [114, 0, 0.8519503739704776] &  [249, 0, 0.8404182121166824] &  [215, 0, 0.8447732399425759] &  [138, 0, 0.8201435649167739] &  [118, 0, 0.8242535878099976] &    [84, 0, 0.821424700636771] &    [0, 0, 0.8063122697125666] &  [192, 0, 0.8303268806652155] &   [41, 0, 0.8544403137663367] &  [125, 0, 0.8265127907541661] &  [119, 0, 0.8415247581116213] \\
5    &    [230, 0, 0.81757692811226] &    [9, 0, 0.8297308331729675] &   [21, 0, 0.8386130767095643] &    [22, 0, 0.828311796095094] &  [127, 0, 0.8139525616505079] &  [184, 0, 0.8468014288681378] &  [228, 0, 0.8360874888878222] &   [57, 0, 0.8418114469641869] &   [38, 0, 0.8183468969216269] &  [175, 0, 0.8225502403062295] &   [18, 0, 0.8209713050826407] &  [100, 0, 0.8062103197769723] &   [78, 0, 0.8282403105543947] &   [45, 0, 0.8515848337686346] &   [72, 0, 0.8254243328362783] &   [152, 0, 0.840875730894788] \\
6    &  [191, 0, 0.8143441092152351] &  [234, 0, 0.8281420803319612] &  [119, 0, 0.8315622545827905] &   [180, 0, 0.826267429078131] &  [101, 0, 0.8080938742678316] &   [67, 0, 0.8324957542391223] &  [210, 0, 0.8319292077751379] &  [176, 0, 0.8415968105576376] &   [82, 0, 0.8165837963858724] &    [7, 0, 0.8155597353368912] &    [127, 0, 0.81485507179884] &   [23, 0, 0.8049005915202763] &  [157, 0, 0.8275839424905574] &  [218, 0, 0.8449431340796257] &   [70, 0, 0.8146127594411052] &  [163, 0, 0.8382556931348474] \\
7    &   [98, 0, 0.8115026712006891] &   [10, 0, 0.8207833661359063] &  [174, 0, 0.8235439417594612] &   [72, 0, 0.8258929234050183] &   [60, 0, 0.8074392578314042] &   [73, 0, 0.8313308130476809] &  [146, 0, 0.8312117209391447] &   [20, 0, 0.8309826070104769] &  [228, 0, 0.8158017995091073] &  [110, 0, 0.8137353980941853] &   [17, 0, 0.8115713530545882] &  [159, 0, 0.8011598364380838] &  [254, 0, 0.8226867953561181] &    [110, 0, 0.83679560694496] &   [16, 0, 0.8135556062191891] &  [167, 0, 0.8299092517948311] \\
8    &  [131, 0, 0.8106908618117575] &  [245, 0, 0.8170034599712844] &  [129, 0, 0.8181804723993893] &  [211, 0, 0.8243212952050952] &  [114, 0, 0.8065172111714635] &   [34, 0, 0.8236560502442555] &   [90, 0, 0.8261780647885396] &  [117, 0, 0.8214729120448039] &    [77, 0, 0.809454813427346] &   [85, 0, 0.8136949345460041] &  [106, 0, 0.8050223439799997] &   [89, 0, 0.7999853743464306] &  [235, 0, 0.8116178745185167] &   [88, 0, 0.8352538868753143] &  [211, 0, 0.8132881514785595] &  [120, 0, 0.8292676286688959] \\
\bottomrule
\end{tabular}
