\begin{tabular}{lllllllllllllllll}
\toprule
{} &                             0  &                             1  &                             2  &                            3  &                             4  &                            5  &                             6  &                             7  &                             8  &                             9  &                             10 &                             11 &                             12 &                             13 &                            14 &                             15 \\
\midrule
PGE= &                              0 &                              0 &                              0 &                             0 &                              0 &                             0 &                              0 &                              0 &                              0 &                              0 &                              0 &                              0 &                              1 &                              0 &                             0 &                              0 \\
0    &    [43, 0, 0.8735032859281374] &   [126, 0, 0.8310093638196614] &    [21, 0, 0.8706300859950797] &   [22, 0, 0.7375562721130122] &    [40, 0, 0.8230647960378872] &  [174, 0, 0.8491207354400876] &   [210, 0, 0.8143436859987101] &   [166, 0, 0.8456238408100814] &   [171, 0, 0.6848573582577268] &   [247, 0, 0.7975754740332291] &    [21, 0, 0.9367852804433504] &   [136, 0, 0.8905952216531375] &     [8, 0, 0.7416888438684747] &   [207, 0, 0.8166441856868348] &   [79, 0, 0.8070036272856054] &    [60, 0, 0.7837171789677375] \\
1    &   [199, 0, 0.5211732114621326] &   [127, 0, 0.6312665555719159] &    [20, 0, 0.6721226155984407] &    [23, 0, 0.608961349976694] &    [41, 0, 0.6706262882675004] &  [175, 0, 0.5311454000443542] &   [211, 0, 0.6561270319201388] &  [240, 0, 0.49830953545277373] &   [170, 0, 0.6428683926042679] &    [246, 0, 0.652409466494199] &    [20, 0, 0.7183810394020379] &   [137, 0, 0.5916516166704782] &     [9, 0, 0.5900298153390133] &   [206, 0, 0.5576190207302102] &   [78, 0, 0.6494278525731461] &    [61, 0, 0.5827278769507835] \\
2    &    [75, 0, 0.5150560679367213] &     [168, 0, 0.51509496585324] &    [55, 0, 0.5213648697554396] &  [237, 0, 0.4990897345364071] &      [6, 0, 0.500469015462955] &   [72, 0, 0.5101835457136918] &   [208, 0, 0.5086933206143357] &   [157, 0, 0.4978668146168182] &   [193, 0, 0.5111890902734985] &   [194, 0, 0.4949736757335452] &   [206, 0, 0.5104856865955705] &    [67, 0, 0.4875580818661116] &    [55, 0, 0.4938752286378728] &   [120, 0, 0.5059629423890744] &    [9, 0, 0.5071491767895918] &   [182, 0, 0.5337825880351021] \\
3    &    [42, 0, 0.5043142436000869] &   [104, 0, 0.4898361060609478] &    [60, 0, 0.5204881582690667] &   [25, 0, 0.4883502457899585] &    [77, 0, 0.4859499940530354] &   [3, 0, 0.48003899591175486] &  [166, 0, 0.48541933655115455] &   [190, 0, 0.4857199087182062] &    [223, 0, 0.471778357527675] &   [238, 0, 0.4949142746727058] &   [178, 0, 0.4825282728814383] &   [90, 0, 0.48725166447418883] &   [248, 0, 0.4773654606621834] &   [227, 0, 0.4961346843624437] &    [5, 0, 0.4980494117312459] &     [35, 0, 0.518140159340788] \\
4    &   [132, 0, 0.5042292900940626] &   [195, 0, 0.4861970088453704] &    [40, 0, 0.5172052804972739] &  [108, 0, 0.4872871262062734] &  [248, 0, 0.48566516476919985] &  [146, 0, 0.4710212352573002] &    [7, 0, 0.48313525759734255] &   [62, 0, 0.48185826155083966] &  [173, 0, 0.46926264984681665] &   [164, 0, 0.4905994948613235] &  [189, 0, 0.48095792412251687] &    [57, 0, 0.4848595949394846] &    [33, 0, 0.4726690367789907] &  [205, 0, 0.49495614424236195] &    [2, 0, 0.4904595454015447] &   [155, 0, 0.5106756102626583] \\
5    &   [66, 0, 0.49550480595370433] &  [211, 0, 0.47993222060545915] &   [145, 0, 0.5008860047628512] &  [152, 0, 0.4810275432820462] &  [163, 0, 0.47691444215362716] &  [170, 0, 0.4692645514892131] &    [94, 0, 0.4783470187492955] &  [148, 0, 0.46165205578826624] &   [184, 0, 0.4629062337847829] &   [227, 0, 0.4730119951588475] &  [171, 0, 0.47538165551230555] &   [114, 0, 0.4803191193089495] &  [156, 0, 0.47062840040458537] &   [219, 0, 0.4895706400972175] &   [129, 0, 0.485636230398551] &   [151, 0, 0.4711451149429888] \\
6    &  [103, 0, 0.49384273800588435] &    [47, 0, 0.4689740333735824] &  [160, 0, 0.49712126367017984] &  [60, 0, 0.47836442549693303] &     [182, 0, 0.46696861174573] &   [60, 0, 0.4639603952826932] &  [196, 0, 0.47388011540524294] &    [72, 0, 0.4543110516971024] &   [203, 0, 0.4627886875609601] &  [119, 0, 0.46957723016409764] &     [18, 0, 0.468395023626837] &  [175, 0, 0.47520234105307485] &  [210, 0, 0.46613131301750244] &   [165, 0, 0.4887858240885947] &   [4, 0, 0.48516646093618565] &     [69, 0, 0.464280654339817] \\
7    &   [59, 0, 0.47979456356476446] &    [3, 0, 0.46821241122723606] &  [132, 0, 0.49605185886381564] &  [182, 0, 0.4757744950044453] &  [144, 0, 0.46623347862836106] &   [2, 0, 0.46032665141097545] &  [245, 0, 0.46871536486227156] &   [167, 0, 0.4541946778347657] &   [59, 0, 0.46131296241594405] &   [216, 0, 0.4680165502994163] &  [117, 0, 0.46786277064658954] &   [216, 0, 0.4645007884244491] &   [120, 0, 0.4652054036667346] &  [149, 0, 0.48698515041124973] &  [200, 0, 0.4784793331248561] &  [107, 0, 0.46211418070827476] \\
8    &  [100, 0, 0.47772181115134515] &   [97, 0, 0.46069879599888297] &     [4, 0, 0.4915708666229998] &    [59, 0, 0.462864889566259] &     [3, 0, 0.4564707341969106] &  [34, 0, 0.45997835648903246] &   [102, 0, 0.4651174529738852] &  [177, 0, 0.44842244232627354] &    [56, 0, 0.4567109927855244] &  [155, 0, 0.46795895695414963] &  [253, 0, 0.46762014370760024] &   [122, 0, 0.4634903240753128] &  [175, 0, 0.46376186232822386] &    [71, 0, 0.4794246194228986] &  [193, 0, 0.4686419170172765] &   [88, 0, 0.46182866286000807] \\
\bottomrule
\end{tabular}
