\begin{tabular}{lllllllllllllllll}
\toprule
{} &                            0  &                            1  &                            2  &                            3  &                            4  &                            5  &                            6  &                            7  &                            8  &                            9  &                            10 &                            11 &                            12 &                            13 &                            14 &                            15 \\
\midrule
PGE= &                             0 &                             0 &                             0 &                             0 &                             0 &                             0 &                             0 &                             0 &                             0 &                             0 &                             0 &                             0 &                             2 &                             0 &                             0 &                             0 \\
0    &   [43, 0, 0.8605521925661415] &  [126, 0, 0.8522338872766266] &   [21, 0, 0.8836086326823062] &   [22, 0, 0.7577508121580667] &   [40, 0, 0.8150201252905312] &  [174, 0, 0.8668920675799638] &   [210, 0, 0.837759668971565] &  [166, 0, 0.8463774086369152] &  [171, 0, 0.6927943146193188] &  [247, 0, 0.7937671825164178] &   [21, 0, 0.9363736620587629] &  [136, 0, 0.8877414684798601] &    [8, 0, 0.7636263166541541] &  [207, 0, 0.8000646255618832] &   [79, 0, 0.7899191603738993] &   [60, 0, 0.8204551728150111] \\
1    &  [232, 0, 0.5545739651753343] &   [127, 0, 0.629080791844148] &   [20, 0, 0.6827426033980348] &   [23, 0, 0.7370597675682032] &   [41, 0, 0.7408238986152077] &    [3, 0, 0.5707865269757175] &  [211, 0, 0.6453672725878186] &   [17, 0, 0.5620098816814263] &  [170, 0, 0.6552294334834193] &  [238, 0, 0.6014448398216069] &   [20, 0, 0.6434856455640862] &   [216, 0, 0.569351910205303] &  [162, 0, 0.5833795397850581] &   [206, 0, 0.599498648887296] &   [78, 0, 0.6740681941276915] &   [61, 0, 0.6119534212617465] \\
2    &   [59, 0, 0.5469537178073782] &    [25, 0, 0.566909999786169] &  [160, 0, 0.5829230684332908] &   [42, 0, 0.5786235218147984] &  [223, 0, 0.5491691258865479] &  [106, 0, 0.5594579496272343] &  [121, 0, 0.6177064603922386] &  [212, 0, 0.5586235802869864] &  [109, 0, 0.5600876563430156] &  [127, 0, 0.5656710329792458] &  [206, 0, 0.5728316869841836] &     [137, 0, 0.5623201439524] &    [9, 0, 0.5574645998051029] &   [80, 0, 0.5635760589038571] &   [71, 0, 0.5572846280554477] &  [151, 0, 0.5712879785013645] \\
3    &   [75, 0, 0.5391084611208508] &  [255, 0, 0.5620871162798599] &   [57, 0, 0.5645506071077421] &  [237, 0, 0.5577879180023321] &  [192, 0, 0.5473209166453074] &   [85, 0, 0.5540214013971646] &  [208, 0, 0.5965072022501141] &  [246, 0, 0.5561656339795453] &  [206, 0, 0.5577839708020136] &  [194, 0, 0.5622850460778637] &    [1, 0, 0.5622497548581012] &    [5, 0, 0.5459160853597317] &     [62, 0, 0.54362208390306] &  [219, 0, 0.5466905284047928] &  [255, 0, 0.5551570138272097] &  [245, 0, 0.5673769692004373] \\
4    &  [207, 0, 0.5373935202291623] &   [73, 0, 0.5524355171429561] &   [40, 0, 0.5633009324860919] &   [40, 0, 0.5475999408135027] &  [182, 0, 0.5407292060945689] &  [165, 0, 0.5482450694205163] &   [11, 0, 0.5769284115957449] &  [157, 0, 0.5475701028736991] &  [237, 0, 0.5499889712852388] &  [246, 0, 0.5391440094036264] &  [237, 0, 0.5508297330509674] &    [32, 0, 0.537178398924106] &  [156, 0, 0.5353935501668632] &   [95, 0, 0.5360704546708676] &  [189, 0, 0.5513015273682995] &   [28, 0, 0.5550649029785808] \\
5    &  [196, 0, 0.5321631600738599] &   [65, 0, 0.5428228451514305] &  [114, 0, 0.5564141511978735] &   [74, 0, 0.5395575584259231] &   [163, 0, 0.540647381866737] &  [153, 0, 0.5350746153510906] &  [166, 0, 0.5676812532556921] &    [47, 0, 0.534975152532788] &  [239, 0, 0.5391432750976313] &  [111, 0, 0.5354757534569415] &  [247, 0, 0.5459927865359303] &   [114, 0, 0.534754560276263] &  [146, 0, 0.5236289926491884] &  [149, 0, 0.5343950437893591] &  [213, 0, 0.5359527271051269] &  [238, 0, 0.5486854114151574] \\
6    &  [126, 0, 0.5321482082568341] &  [116, 0, 0.5416510576300165] &  [128, 0, 0.5440864324736251] &  [207, 0, 0.5385149814409199] &  [127, 0, 0.5297608723453302] &  [173, 0, 0.5342181758543826] &  [108, 0, 0.5578463727235151] &  [240, 0, 0.5347303925457326] &     [193, 0, 0.5371897553409] &  [205, 0, 0.5261202281511554] &   [11, 0, 0.5426861624607159] &  [199, 0, 0.5338202639000545] &  [239, 0, 0.5196391271214532] &   [12, 0, 0.5323751233238351] &  [222, 0, 0.5320653544723823] &  [174, 0, 0.5426396902080427] \\
7    &   [66, 0, 0.5286245248340901] &  [128, 0, 0.5355219488611612] &   [55, 0, 0.5436284554273791] &   [60, 0, 0.5292545047088085] &   [30, 0, 0.5294927094542063] &  [202, 0, 0.5313621313441398] &    [40, 0, 0.553470972347317] &   [163, 0, 0.533697104919571] &   [173, 0, 0.537158536392505] &   [206, 0, 0.508868911572896] &  [254, 0, 0.5369383034539956] &    [67, 0, 0.533715421459429] &  [219, 0, 0.5187266324802957] &  [156, 0, 0.5313856348460622] &  [200, 0, 0.5279640900620628] &   [35, 0, 0.5409088894269227] \\
8    &  [109, 0, 0.5271643992701013] &  [240, 0, 0.5311532817595597] &  [185, 0, 0.5432404994102892] &  [180, 0, 0.5208267506228733] &  [110, 0, 0.5282149415821853] &   [86, 0, 0.5313348557866148] &   [94, 0, 0.5366827146499902] &   [53, 0, 0.5320156391219623] &    [86, 0, 0.536587158281574] &    [38, 0, 0.507704629104871] &  [255, 0, 0.5317648887486888] &   [138, 0, 0.520026656611024] &   [55, 0, 0.5173178456090196] &   [24, 0, 0.5236089245497784] &   [23, 0, 0.5236435366497963] &  [142, 0, 0.5375197697923019] \\
\bottomrule
\end{tabular}
