\begin{tabular}{lllllllllllllllll}
\toprule
{} &                            0  &                             1  &                            2  &                            3  &                             4  &                            5  &                            6  &                             7  &                             8  &                             9  &                            10 &                             11 &                             12 &                            13 &                            14 &                            15 \\
\midrule
PGE= &                             0 &                              0 &                             0 &                             0 &                              0 &                             0 &                             0 &                              0 &                              0 &                              0 &                             0 &                              0 &                              1 &                             0 &                             0 &                             0 \\
0    &   [43, 0, 0.8524597623561271] &    [126, 0, 0.851158551334196] &   [21, 0, 0.8698761269452929] &   [22, 0, 0.7343895299418552] &     [40, 0, 0.832018131691717] &  [174, 0, 0.8506926350952944] &   [210, 0, 0.813543504670854] &   [166, 0, 0.8540594745669038] &   [171, 0, 0.6838799272855091] &   [247, 0, 0.7920917351515208] &   [21, 0, 0.9352207741049758] &   [136, 0, 0.8877779852748201] &     [8, 0, 0.7660538358121107] &  [207, 0, 0.8138437268161169] &   [79, 0, 0.7991170987745376] &   [60, 0, 0.8031495469446314] \\
1    &   [75, 0, 0.5419672494990934] &   [127, 0, 0.5891967673028593] &    [20, 0, 0.690580935766558] &   [23, 0, 0.7117366840193081] &    [41, 0, 0.6981018642021919] &    [3, 0, 0.5363954076412076] &  [211, 0, 0.6536233603530492] &   [145, 0, 0.5112687682970845] &   [170, 0, 0.6578686782856451] &   [246, 0, 0.6112093566585406] &   [20, 0, 0.6879147338085633] &   [137, 0, 0.5824705807437274] &     [9, 0, 0.5988710959527671] &  [206, 0, 0.5915381322436297] &   [78, 0, 0.6611585445364021] &   [61, 0, 0.6102234687312144] \\
2    &  [104, 0, 0.5219385395264728] &   [168, 0, 0.5409870085429366] &  [160, 0, 0.5505041478080596] &  [152, 0, 0.5194188518282905] &   [182, 0, 0.5407185194415739] &  [175, 0, 0.5174700308364746] &  [166, 0, 0.5631297046355295] &   [157, 0, 0.5086122099057845] &    [173, 0, 0.512958636070795] &   [238, 0, 0.5299386896803202] &  [206, 0, 0.5354359361207365] &   [216, 0, 0.5276103472679833] &    [55, 0, 0.5167026158914142] &  [219, 0, 0.5676099228576565] &  [129, 0, 0.5165674807074153] &   [28, 0, 0.5495732746668821] \\
3    &  [199, 0, 0.5218542286346449] &   [116, 0, 0.5213731258959124] &   [40, 0, 0.5449620831337685] &   [42, 0, 0.5189894475164025] &    [135, 0, 0.508366712521824] &    [29, 0, 0.515280882857002] &  [121, 0, 0.5536826860960976] &  [122, 0, 0.49486579269551223] &   [193, 0, 0.5096016663654866] &     [3, 0, 0.5234201499072484] &  [178, 0, 0.5329871811583617] &    [67, 0, 0.5232381090091625] &   [156, 0, 0.5067079373653557] &  [120, 0, 0.5426887323865717] &  [255, 0, 0.5020205721530692] &  [245, 0, 0.5400639589849364] \\
4    &  [103, 0, 0.5214321709712817] &   [255, 0, 0.5014632394438755] &   [55, 0, 0.5408646000231804] &  [207, 0, 0.5185622822939491] &    [77, 0, 0.5045841926848207] &  [191, 0, 0.5074316339144046] &  [208, 0, 0.5530824731962952] &  [112, 0, 0.49178899668753073] &    [59, 0, 0.5045814744967063] &   [216, 0, 0.5094643313793911] &      [1, 0, 0.52727880169283] &   [114, 0, 0.5218915443504627] &   [162, 0, 0.5014294534910219] &     [12, 0, 0.52516779244317] &    [5, 0, 0.5012343941187438] &  [151, 0, 0.5261307264151667] \\
5    &    [42, 0, 0.519828583166347] &   [97, 0, 0.49978909869788946] &  [114, 0, 0.5339595344446597] &  [179, 0, 0.5131922007802041] &     [6, 0, 0.4986266041644132] &   [72, 0, 0.5034245874972232] &  [216, 0, 0.5207462676711552] &  [240, 0, 0.49046192447481146] &    [77, 0, 0.4984572960883452] &    [194, 0, 0.502893288296837] &  [254, 0, 0.5211724785706546] &    [167, 0, 0.498141259495793] &  [120, 0, 0.49694044465400317] &   [80, 0, 0.5187864707112443] &    [2, 0, 0.4988058035526331] &   [35, 0, 0.5222087840088364] \\
6    &  [109, 0, 0.5195157827546869] &   [73, 0, 0.48903198986158236] &   [60, 0, 0.5322657522509108] &  [237, 0, 0.5128414804638677] &   [163, 0, 0.4963302804320382] &  [253, 0, 0.5032940325601364] &   [10, 0, 0.5132665757103227] &  [230, 0, 0.48898479331255595] &  [109, 0, 0.49347666312421073] &   [102, 0, 0.4902866460974382] &  [255, 0, 0.5121003956208473] &   [20, 0, 0.49620883765932694] &  [175, 0, 0.49365684893268647] &  [146, 0, 0.5183211537823322] &  [71, 0, 0.49864460803842225] &  [155, 0, 0.5136491815668729] \\
7    &   [59, 0, 0.5073050675699124] &  [128, 0, 0.48680465401805345] &    [97, 0, 0.510658379451493] &  [150, 0, 0.5073287825282831] &    [65, 0, 0.4946378501923066] &   [36, 0, 0.5011497069879827] &   [29, 0, 0.5116692646658442] &   [72, 0, 0.48493082619763195] &   [113, 0, 0.4929632094911811] &   [127, 0, 0.4884377253717812] &  [237, 0, 0.5120838027627264] &  [117, 0, 0.49105920781405393] &   [248, 0, 0.4913440617876809] &   [71, 0, 0.5109755171399721] &     [70, 0, 0.49677290243983] &  [182, 0, 0.5041427626499229] \\
8    &   [66, 0, 0.5010281215898266] &    [7, 0, 0.48541655383417714] &   [90, 0, 0.5092180935543683] &   [40, 0, 0.5062949465285446] &  [176, 0, 0.48514910645935544] &  [165, 0, 0.4975913490889471] &  [196, 0, 0.5100303189658342] &    [67, 0, 0.4793600098281609] &    [56, 0, 0.4906055050707494] &  [151, 0, 0.48591888542642586] &   [11, 0, 0.4968037308300213] &   [102, 0, 0.4843337529551557] &   [65, 0, 0.49045506225632995] &  [108, 0, 0.5065101466909033] &   [20, 0, 0.4957953381327593] &  [107, 0, 0.4946232018741122] \\
\bottomrule
\end{tabular}
