\begin{tabular}{lllllllllllllllll}
\toprule
{} &                            0  &                            1  &                            2  &                            3  &                            4  &                            5  &                            6  &                            7  &                             8  &                            9  &                            10 &                            11 &                             12 &                            13 &                            14 &                            15 \\
\midrule
PGE= &                             0 &                             0 &                             0 &                             0 &                             0 &                             0 &                             0 &                             0 &                             42 &                             0 &                             0 &                             0 &                            177 &                             0 &                             0 &                             0 \\
0    &   [43, 0, 0.8574247999883668] &   [126, 0, 0.862255276157063] &   [21, 0, 0.8016416576442141] &   [22, 0, 0.7831506409350836] &   [40, 0, 0.9083333034325962] &  [174, 0, 0.8546920222316228] &  [210, 0, 0.8506243087277126] &  [166, 0, 0.8763119698285419] &   [170, 0, 0.5114759116098679] &  [247, 0, 0.8959384331359184] &    [21, 0, 0.932144745978342] &  [136, 0, 0.8120723281668163] &      [8, 0, 0.529395950234993] &  [207, 0, 0.7703918228929716] &   [79, 0, 0.8165575844151339] &   [60, 0, 0.8092697711227642] \\
1    &  [101, 0, 0.7905592001674042] &  [184, 0, 0.8123159446537395] &   [79, 0, 0.6943987993124349] &  [158, 0, 0.7731006837209762] &  [241, 0, 0.8327049474375613] &  [216, 0, 0.8364924442012258] &  [120, 0, 0.7651029545855812] &  [143, 0, 0.8169465210628536] &   [41, 0, 0.48649683759641843] &  [144, 0, 0.8221498827090322] &  [211, 0, 0.8334623660892745] &   [84, 0, 0.7749202900654026] &    [14, 0, 0.5034294555662254] &  [113, 0, 0.7346413473036651] &   [94, 0, 0.7762591738641607] &  [221, 0, 0.7783518084914103] \\
2    &  [247, 0, 0.7830325180795803] &   [33, 0, 0.8092447754777689] &  [255, 0, 0.6927076557366697] &   [43, 0, 0.7495184120233495] &    [79, 0, 0.827641276357663] &   [65, 0, 0.8199201636309408] &   [26, 0, 0.7612769096518386] &   [22, 0, 0.8086686678539522] &   [50, 0, 0.48376529602017915] &   [49, 0, 0.7826803399751706] &  [114, 0, 0.8259328874330271] &   [81, 0, 0.7634893733846011] &   [26, 0, 0.47984132519176725] &  [202, 0, 0.7228573582579653] &  [157, 0, 0.7717195800061618] &    [50, 0, 0.773123030886646] \\
3    &  [208, 0, 0.7815480954846107] &   [42, 0, 0.8086691726663816] &  [104, 0, 0.6861686903656755] &  [138, 0, 0.7484464290106523] &   [109, 0, 0.824405718435582] &  [147, 0, 0.8145719167966645] &   [98, 0, 0.7605877626101963] &  [168, 0, 0.8038136828628968] &    [99, 0, 0.4834358682886719] &   [24, 0, 0.7820118538795916] &   [140, 0, 0.818023753309599] &     [0, 0, 0.744126336562351] &  [137, 0, 0.47165574573881924] &  [242, 0, 0.7141487935535135] &    [40, 0, 0.771673904440712] &  [171, 0, 0.7713727386137895] \\
4    &   [12, 0, 0.7783326444448047] &  [206, 0, 0.8075707642464905] &  [124, 0, 0.6766402374212549] &   [76, 0, 0.7437753971163487] &  [104, 0, 0.8175117315228714] &   [16, 0, 0.8031862602796527] &  [220, 0, 0.7586059103087334] &   [88, 0, 0.7989933789119908] &   [65, 0, 0.47455484145794213] &  [222, 0, 0.7779461464950049] &   [55, 0, 0.8167346538478409] &   [254, 0, 0.741516464764157] &   [220, 0, 0.4445570480277175] &    [43, 0, 0.709877878751923] &  [165, 0, 0.7712645302332816] &   [85, 0, 0.7695831882083803] \\
5    &  [107, 0, 0.7748547936763568] &   [87, 0, 0.7979678375432933] &   [38, 0, 0.6718949058090241] &   [66, 0, 0.7386358458834981] &  [102, 0, 0.8167849039935949] &    [4, 0, 0.7955942883778395] &  [198, 0, 0.7566468886189178] &    [24, 0, 0.795398720975997] &  [195, 0, 0.47408747644096044] &   [52, 0, 0.7743320677685456] &   [38, 0, 0.8155717585003341] &  [175, 0, 0.7412226003132792] &   [164, 0, 0.4419479576085657] &  [193, 0, 0.7081674391492963] &  [204, 0, 0.7681061109208809] &  [186, 0, 0.7602925247869188] \\
6    &  [185, 0, 0.7724493961331298] &  [253, 0, 0.7976972939814067] &  [150, 0, 0.6717730757892366] &  [101, 0, 0.7336489867028061] &   [57, 0, 0.8144533272491606] &  [201, 0, 0.7948320255105511] &  [156, 0, 0.7557933185112161] &  [129, 0, 0.7920845737554086] &   [142, 0, 0.4738771553382132] &   [29, 0, 0.7737304037087066] &   [180, 0, 0.808213593290613] &   [26, 0, 0.7409068903031061] &    [27, 0, 0.4397038766400551] &  [230, 0, 0.7051326147900248] &   [21, 0, 0.7677165911135847] &  [204, 0, 0.7599155971918108] \\
7    &  [196, 0, 0.7659647642661257] &   [89, 0, 0.7976698498652223] &  [180, 0, 0.6695364078982722] &   [96, 0, 0.7306237375469056] &  [177, 0, 0.8138197652223139] &   [55, 0, 0.7945253826768809] &  [108, 0, 0.7551101536066854] &  [193, 0, 0.7908767934345265] &    [81, 0, 0.4733272758926429] &   [86, 0, 0.7720073026755351] &   [99, 0, 0.8063178486997529] &  [239, 0, 0.7341063942721976] &  [117, 0, 0.43844001787313047] &   [58, 0, 0.7047754972405463] &  [140, 0, 0.7673665875695439] &  [104, 0, 0.7518524482364455] \\
8    &    [2, 0, 0.7573447447308924] &  [169, 0, 0.7970222346705889] &   [74, 0, 0.6689142880031195] &   [12, 0, 0.7280868844372913] &    [150, 0, 0.81088541623826] &   [15, 0, 0.7903054987186376] &  [146, 0, 0.7503915643256055] &  [230, 0, 0.7895835766550658] &  [191, 0, 0.47319791447400733] &  [196, 0, 0.7675995965060666] &   [235, 0, 0.805202354347272] &  [153, 0, 0.7307452444863819] &   [90, 0, 0.43691448543438394] &  [122, 0, 0.7035185410769368] &  [250, 0, 0.7632173551863093] &    [1, 0, 0.7493025719790658] \\
\bottomrule
\end{tabular}
