\begin{tabular}{lllllllllllllllll}
\toprule
{} &                            0  &                            1  &                            2  &                            3  &                            4  &                            5  &                            6  &                            7  &                            8  &                            9  &                            10 &                            11 &                             12 &                            13 &                            14 &                            15 \\
\midrule
PGE= &                             0 &                             0 &                             0 &                             3 &                             0 &                             0 &                             0 &                             0 &                             5 &                             0 &                             0 &                             0 &                             76 &                             0 &                             0 &                             0 \\
0    &   [43, 0, 0.8644421338409121] &  [126, 0, 0.8818915129739913] &   [21, 0, 0.7997570979118143] &  [158, 0, 0.7779949050668137] &   [40, 0, 0.9167918352593905] &  [174, 0, 0.8594651172619749] &  [210, 0, 0.8478731450232235] &   [166, 0, 0.870542960806069] &  [142, 0, 0.5248766368147287] &  [247, 0, 0.8870372235483388] &   [21, 0, 0.9198587077488853] &  [136, 0, 0.8426173991648297] &     [8, 0, 0.5220553606387262] &  [207, 0, 0.7884013988869886] &   [79, 0, 0.8129737968417828] &    [60, 0, 0.795702867065257] \\
1    &  [107, 0, 0.7981115391072773] &  [206, 0, 0.8322149706917467] &  [255, 0, 0.7039649023108802] &   [43, 0, 0.7652489404585651] &   [57, 0, 0.8411843935568255] &  [216, 0, 0.8524792880028164] &   [26, 0, 0.7695202512978909] &    [22, 0, 0.809185733081852] &   [99, 0, 0.5217617063499681] &  [144, 0, 0.8085531848263232] &  [211, 0, 0.8240741793039847] &   [84, 0, 0.8061788021810455] &    [23, 0, 0.5086396410360273] &  [202, 0, 0.7697663772432354] &  [157, 0, 0.7871249572765211] &    [85, 0, 0.774412277670618] \\
2    &  [208, 0, 0.7931911057851279] &   [42, 0, 0.8302610025136399] &    [79, 0, 0.701613148398956] &   [66, 0, 0.7625698240271049] &   [79, 0, 0.8400823678347683] &   [65, 0, 0.8409393869772189] &  [108, 0, 0.7659627844612075] &   [143, 0, 0.807044438722082] &  [191, 0, 0.5210714437781384] &   [24, 0, 0.7756164132069275] &  [114, 0, 0.8216015716453657] &   [81, 0, 0.7917878110023091] &   [14, 0, 0.48188157995825165] &  [113, 0, 0.7613382957077539] &  [165, 0, 0.7841662990459125] &  [171, 0, 0.7728537701387475] \\
3    &  [196, 0, 0.7906217667211483] &   [87, 0, 0.8272958309049853] &  [104, 0, 0.6958684588299915] &   [22, 0, 0.7517728587386457] &  [165, 0, 0.8354041193893532] &  [201, 0, 0.8154096724854797] &  [176, 0, 0.7585150217774241] &  [168, 0, 0.7991217368552566] &  [186, 0, 0.5150239381062304] &   [29, 0, 0.7747839361550539] &  [140, 0, 0.8197849976426387] &   [175, 0, 0.779391624496403] &  [252, 0, 0.47637551702778297] &   [93, 0, 0.7453612375729486] &   [94, 0, 0.7833996795452262] &  [104, 0, 0.7700688650074927] \\
4    &    [12, 0, 0.783489249732994] &  [184, 0, 0.8245876919055835] &  [204, 0, 0.6936354202456981] &  [138, 0, 0.7514972222992944] &  [211, 0, 0.8341632780861109] &  [147, 0, 0.8129370312242155] &  [120, 0, 0.7532552912996405] &  [193, 0, 0.7968325493491557] &  [157, 0, 0.5095446015335854] &  [222, 0, 0.7726620889097359] &   [55, 0, 0.8154919096703211] &  [254, 0, 0.7665590186173639] &   [48, 0, 0.47547478084192485] &   [19, 0, 0.7371252388601521] &  [140, 0, 0.7790973115719377] &   [40, 0, 0.7573638267406284] \\
5    &   [101, 0, 0.780191317789583] &   [67, 0, 0.8242569762076196] &  [157, 0, 0.6926623355647029] &  [208, 0, 0.7468770708885517] &  [109, 0, 0.8336796296484198] &   [16, 0, 0.8096499543947412] &  [198, 0, 0.7515512841387573] &  [113, 0, 0.7957650287786722] &  [171, 0, 0.5085075686908703] &    [52, 0, 0.771122548240821] &   [40, 0, 0.8084837742055371] &   [44, 0, 0.7620803672805455] &   [125, 0, 0.4718728014612442] &  [213, 0, 0.7348774529348494] &  [204, 0, 0.7773944722910205] &  [221, 0, 0.7572369658804571] \\
6    &  [247, 0, 0.7785025143676007] &   [18, 0, 0.8198729794196579] &   [38, 0, 0.6925788809614527] &  [188, 0, 0.7461540832758224] &  [102, 0, 0.8264647417608793] &   [38, 0, 0.8014638750926731] &   [98, 0, 0.7509844013475214] &  [230, 0, 0.7953127707475086] &   [15, 0, 0.5065557918471645] &   [86, 0, 0.7664713542330962] &  [255, 0, 0.8041153535525596] &  [239, 0, 0.7612169976239641] &  [201, 0, 0.46393510301921437] &   [43, 0, 0.7339152360200715] &   [40, 0, 0.7759108238963061] &   [50, 0, 0.7553812739086363] \\
7    &  [222, 0, 0.7687354641727565] &  [212, 0, 0.8154795389521666] &  [135, 0, 0.6925079581657508] &   [63, 0, 0.7448911611555051] &   [99, 0, 0.8262641706023033] &  [211, 0, 0.8007150413054852] &  [239, 0, 0.7388939112697095] &   [52, 0, 0.7935644661218587] &   [65, 0, 0.5038400726526475] &  [132, 0, 0.7653281347822312] &  [180, 0, 0.8016684264593016] &  [200, 0, 0.7606750219499036] &  [203, 0, 0.45904738430301956] &   [107, 0, 0.733512351746963] &   [21, 0, 0.7746258817951428] &    [1, 0, 0.7544006177788154] \\
8    &  [185, 0, 0.7668144618095531] &    [6, 0, 0.8139423661235793] &  [180, 0, 0.6902229304330191] &   [76, 0, 0.7439352394563322] &   [241, 0, 0.824905533496237] &   [55, 0, 0.7997606330125341] &   [14, 0, 0.7362197418289292] &   [63, 0, 0.7929143886553889] &   [55, 0, 0.4995252992797555] &  [196, 0, 0.7634660225078043] &  [130, 0, 0.7990243133442908] &   [134, 0, 0.760576109444609] &  [119, 0, 0.45865092446448114] &   [143, 0, 0.732057272900694] &  [250, 0, 0.7693936696644409] &  [204, 0, 0.7535474846131849] \\
\bottomrule
\end{tabular}
