\begin{tabular}{lllllllllllllllll}
\toprule
{} &                            0  &                            1  &                            2  &                            3  &                            4  &                            5  &                            6  &                            7  &                             8  &                            9  &                            10 &                            11 &                             12 &                            13 &                            14 &                            15 \\
\midrule
PGE= &                             0 &                             0 &                             0 &                             0 &                             0 &                             0 &                             0 &                             0 &                             15 &                             0 &                             0 &                             0 &                             98 &                             0 &                             0 &                             0 \\
0    &   [43, 0, 0.8589522879030678] &  [126, 0, 0.8515726989081437] &   [21, 0, 0.8082259436049204] &   [22, 0, 0.8053273187751826] &   [40, 0, 0.9049341107169294] &   [174, 0, 0.847764727484283] &  [210, 0, 0.8367779170706705] &  [166, 0, 0.8591420491270699] &   [170, 0, 0.4637286117114547] &  [247, 0, 0.9005389942493107] &   [21, 0, 0.9358260529878915] &  [136, 0, 0.8226048174984122] &   [14, 0, 0.49324888828441915] &  [207, 0, 0.7997657886160507] &   [79, 0, 0.8009141948004185] &   [60, 0, 0.7946336064359873] \\
1    &  [247, 0, 0.7818156209435273] &   [42, 0, 0.8020741350324061] &  [104, 0, 0.6899116276019392] &  [158, 0, 0.7914533959771137] &  [241, 0, 0.8295929755253306] &   [216, 0, 0.818794126858524] &  [198, 0, 0.7623709045473313] &   [22, 0, 0.7907618332157456] &   [191, 0, 0.4412194445143542] &  [144, 0, 0.8304983416159842] &   [38, 0, 0.8292959391622315] &   [81, 0, 0.7688515539518577] &    [8, 0, 0.48868916865257045] &  [113, 0, 0.7586792525820831] &   [40, 0, 0.7617305608000542] &   [50, 0, 0.7637425974211455] \\
2    &    [12, 0, 0.779884895307342] &   [87, 0, 0.7900005898670558] &   [38, 0, 0.6776856743433729] &   [43, 0, 0.7624932640327172] &   [79, 0, 0.8233425002175973] &   [65, 0, 0.7948259018891156] &  [220, 0, 0.7568677953899942] &   [88, 0, 0.7871707716814734] &   [216, 0, 0.4292353578801104] &   [24, 0, 0.7889149230186375] &  [180, 0, 0.8254145146831061] &  [175, 0, 0.7672503532780951] &   [137, 0, 0.4727789399384461] &  [213, 0, 0.7390308564613893] &   [94, 0, 0.7552008224370811] &   [85, 0, 0.7443618100830739] \\
3    &  [107, 0, 0.7788670365111927] &  [253, 0, 0.7872516421705529] &   [137, 0, 0.672971790226227] &  [101, 0, 0.7563858967749736] &  [102, 0, 0.8178381930675707] &  [147, 0, 0.7927741809944882] &  [120, 0, 0.7540160118220703] &  [143, 0, 0.7838647667997104] &   [55, 0, 0.42755770426184475] &   [49, 0, 0.7875665966952392] &   [40, 0, 0.8208815217030182] &   [84, 0, 0.7592736613794911] &    [26, 0, 0.4724331884021172] &   [122, 0, 0.737256812889136] &   [21, 0, 0.7548766217600511] &  [235, 0, 0.7361659894808877] \\
4    &  [208, 0, 0.7784927969349013] &  [212, 0, 0.7849008939247898] &   [74, 0, 0.6729625811488614] &  [116, 0, 0.7548360517065924] &  [194, 0, 0.8093194006778078] &  [102, 0, 0.7874588603754115] &   [156, 0, 0.750215443904829] &  [222, 0, 0.7818279455326798] &    [65, 0, 0.4230962620017206] &   [86, 0, 0.7850310167019641] &  [114, 0, 0.8192647368626947] &  [254, 0, 0.7553663405469451] &    [27, 0, 0.4581186078218647] &   [193, 0, 0.737086842752638] &  [165, 0, 0.7525302954834134] &   [221, 0, 0.735336316648619] \\
5    &  [101, 0, 0.7672568792351032] &   [23, 0, 0.7782387404147627] &  [224, 0, 0.6685620239931529] &   [12, 0, 0.7513663536778167] &   [57, 0, 0.8092779286782631] &   [16, 0, 0.7855078809521189] &   [98, 0, 0.7490914041618806] &  [127, 0, 0.7787445151542144] &  [250, 0, 0.41317477513734513] &   [71, 0, 0.7769462562840774] &   [50, 0, 0.8132308075061763] &  [210, 0, 0.7520278123770664] &    [38, 0, 0.4574774591645544] &  [242, 0, 0.7338840333883131] &  [140, 0, 0.7519442714068503] &    [1, 0, 0.7341872099349507] \\
6    &  [196, 0, 0.7631014015392394] &  [184, 0, 0.7749158162823347] &   [60, 0, 0.6665500689161588] &  [138, 0, 0.7484068070910992] &  [255, 0, 0.8059018623092996] &    [15, 0, 0.781804481572354] &   [146, 0, 0.746330646278414] &  [129, 0, 0.7768796242569318] &    [81, 0, 0.4122217450400509] &  [222, 0, 0.7766287253065414] &   [60, 0, 0.8038325231703621] &   [56, 0, 0.7388434134317243] &  [175, 0, 0.45527381398248573] &   [58, 0, 0.7314387546519837] &  [250, 0, 0.7517439053357946] &   [40, 0, 0.7313619598248282] \\
7    &  [185, 0, 0.7569947702001418] &  [218, 0, 0.7725732662882019] &   [79, 0, 0.6654398118000288] &  [143, 0, 0.7461759121509636] &   [99, 0, 0.8042236416132559] &  [201, 0, 0.7817699946454143] &  [108, 0, 0.7413122581566318] &   [49, 0, 0.7767373602333277] &  [167, 0, 0.40888257408677015] &    [46, 0, 0.774421126551085] &  [224, 0, 0.8009406741271147] &  [134, 0, 0.7359011142701456] &  [220, 0, 0.45400426614816825] &  [202, 0, 0.7313635710609938] &  [204, 0, 0.7510157935554067] &  [152, 0, 0.7312652954827292] \\
8    &  [237, 0, 0.7444483838293545] &  [169, 0, 0.7718622503487652] &  [135, 0, 0.6647825648013479] &  [155, 0, 0.7460246176728061] &  [214, 0, 0.8039748114099152] &   [38, 0, 0.7803840820717795] &    [14, 0, 0.729536034488735] &   [113, 0, 0.776031211386044] &   [99, 0, 0.40885078500760985] &  [101, 0, 0.7717849016871551] &   [55, 0, 0.8008775391195617] &   [26, 0, 0.7339638547761703] &   [61, 0, 0.45304160419259015] &   [43, 0, 0.7298936439062337] &  [160, 0, 0.7433299978247822] &  [171, 0, 0.7267863222276999] \\
\bottomrule
\end{tabular}
