\begin{tabular}{lllllllllllllllll}
\toprule
{} &                            0  &                            1  &                            2  &                            3  &                            4  &                            5  &                            6  &                            7  &                            8  &                            9  &                            10 &                            11 &                            12 &                            13 &                            14 &                            15 \\
\midrule
PGE= &                             0 &                             0 &                             1 &                            10 &                             0 &                             1 &                             0 &                             0 &                            21 &                             0 &                             0 &                             0 &                           164 &                             0 &                             0 &                           103 \\
0    &   [43, 0, 0.8782853728631564] &  [126, 0, 0.9051701453596726] &   [55, 0, 0.8082889351010151] &  [158, 0, 0.8811134585828968] &   [40, 0, 0.9072887066013267] &  [211, 0, 0.9167108102953285] &  [210, 0, 0.8131132054456723] &  [166, 0, 0.9185276161754935] &  [129, 0, 0.7750468708340897] &  [247, 0, 0.7837767423863797] &   [21, 0, 0.9400587552706386] &   [136, 0, 0.930914785984181] &   [96, 0, 0.6676720327492215] &  [207, 0, 0.8024247407222812] &   [79, 0, 0.8228373092168424] &   [176, 0, 0.811193134672783] \\
1    &   [63, 0, 0.8139821216834812] &   [36, 0, 0.8635249295737603] &   [21, 0, 0.8059156708149018] &   [66, 0, 0.8799125609775676] &   [99, 0, 0.8514026742872906] &  [174, 0, 0.9085585359096444] &  [239, 0, 0.8066499973419812] &  [237, 0, 0.8743614055713929] &   [204, 0, 0.764706746973384] &   [237, 0, 0.734963816747321] &   [68, 0, 0.8929285467240041] &  [175, 0, 0.8920917119927497] &  [213, 0, 0.6598797293470599] &  [149, 0, 0.7909000207910292] &   [94, 0, 0.8173289645377115] &   [95, 0, 0.8034996353448142] \\
2    &   [49, 0, 0.8044598215520562] &   [67, 0, 0.8283248772628403] &    [38, 0, 0.771312337900979] &  [208, 0, 0.8537863809683535] &  [109, 0, 0.8496660174245998] &    [4, 0, 0.8970734698858629] &  [136, 0, 0.8061534785123505] &   [88, 0, 0.8689829976131377] &   [10, 0, 0.7641297454757453] &   [88, 0, 0.7348543064830985] &    [1, 0, 0.8819561814550914] &   [81, 0, 0.8800866308677333] &  [103, 0, 0.6591279479636442] &   [22, 0, 0.7896882712233186] &    [74, 0, 0.816322143152806] &  [195, 0, 0.7963138143817272] \\
3    &   [37, 0, 0.8016341689630221] &  [223, 0, 0.8281501931410671] &  [157, 0, 0.7645991339950915] &   [43, 0, 0.8505883085994904] &  [104, 0, 0.8494475862178116] &  [157, 0, 0.8883128744251748] &   [14, 0, 0.7999837848503711] &  [208, 0, 0.8651850182250669] &   [74, 0, 0.7620159865500817] &  [232, 0, 0.7347759387596046] &  [194, 0, 0.8776912940999542] &   [64, 0, 0.8720361219846947] &    [2, 0, 0.6520480771014912] &  [178, 0, 0.7830268709414897] &  [221, 0, 0.8134823136280783] &  [164, 0, 0.7887154154364646] \\
4    &  [101, 0, 0.7952214745930607] &  [106, 0, 0.8277931937455375] &  [160, 0, 0.7586474974352738] &   [76, 0, 0.8435632387489485] &  [211, 0, 0.8469221818496445] &  [216, 0, 0.8852700128927955] &    [1, 0, 0.7931732638735851] &  [232, 0, 0.8636603131557469] &   [50, 0, 0.7455699319725303] &  [173, 0, 0.7345941444169855] &  [109, 0, 0.8775344183122709] &   [84, 0, 0.8720338058882735] &  [113, 0, 0.6514482554622469] &   [66, 0, 0.7809775759853639] &  [255, 0, 0.8057512200961688] &  [181, 0, 0.7876108688215383] \\
5    &  [158, 0, 0.7945544384535687] &    [3, 0, 0.8258426997813527] &   [74, 0, 0.7511142753757335] &   [63, 0, 0.8317795912283922] &  [102, 0, 0.8443108903016471] &  [199, 0, 0.8804933929972647] &    [4, 0, 0.7906150711810994] &   [12, 0, 0.8635575610324469] &   [81, 0, 0.7383737349971524] &    [163, 0, 0.72895373766498] &   [55, 0, 0.8774568107050885] &  [134, 0, 0.8675939215530207] &  [240, 0, 0.6482153335549915] &  [193, 0, 0.7800525976308501] &    [21, 0, 0.801225467542307] &    [5, 0, 0.7797397903442128] \\
6    &  [208, 0, 0.7941350820258511] &  [212, 0, 0.8255451389992673] &  [152, 0, 0.7464430929345129] &  [101, 0, 0.8298765367183734] &   [79, 0, 0.8436348772627041] &  [147, 0, 0.8763900172574899] &   [31, 0, 0.7901820286323555] &    [9, 0, 0.8615569797891935] &    [0, 0, 0.7340856127577096] &   [71, 0, 0.7190095126489932] &  [211, 0, 0.8715382319901318] &   [56, 0, 0.8645127624875186] &  [217, 0, 0.6456097840717858] &   [19, 0, 0.7670014334340545] &   [30, 0, 0.7976204203527504] &   [51, 0, 0.7752573493757268] \\
7    &   [76, 0, 0.7899299336909729] &  [233, 0, 0.8241932150735417] &  [241, 0, 0.7434805286300606] &    [86, 0, 0.828844919710068] &  [160, 0, 0.8432863854861765] &   [38, 0, 0.8689616798538742] &   [26, 0, 0.7854856329109401] &  [129, 0, 0.8612871790575537] &   [15, 0, 0.7321204996215188] &  [139, 0, 0.7178560459938547] &   [10, 0, 0.8705889557078702] &    [51, 0, 0.861398517892856] &   [71, 0, 0.6450361225664573] &  [208, 0, 0.7636235201744295] &  [174, 0, 0.7935983219796202] &  [125, 0, 0.7744261936906224] \\
8    &    [2, 0, 0.7868834297220861] &    [6, 0, 0.8238422251238715] &   [16, 0, 0.7357249727825267] &    [12, 0, 0.815001871317695] &   [177, 0, 0.842154782027509] &  [130, 0, 0.8668774593848784] &   [78, 0, 0.7802313762971032] &  [227, 0, 0.8611455615101768] &  [137, 0, 0.7261600555470803] &    [196, 0, 0.71471818178038] &  [235, 0, 0.8670527804160296] &   [170, 0, 0.859416640942698] &   [81, 0, 0.6444169949744151] &    [9, 0, 0.7569350448264727] &  [150, 0, 0.7885812388183413] &   [41, 0, 0.7708095347518858] \\
\bottomrule
\end{tabular}
