\begin{tabular}{lllllllllllllllll}
\toprule
{} &                            0  &                            1  &                            2  &                            3  &                            4  &                            5  &                            6  &                            7  &                            8  &                            9  &                            10 &                            11 &                            12 &                            13 &                            14 &                            15 \\
\midrule
PGE= &                             3 &                             1 &                             4 &                             9 &                             0 &                             5 &                            59 &                             0 &                           193 &                             7 &                             0 &                             0 &                            88 &                             2 &                             7 &                           112 \\
0    &   [243, 0, 0.848209135960385] &  [145, 0, 0.8978385637265379] &    [4, 0, 0.8758209279601183] &  [208, 0, 0.9112343496647186] &   [40, 0, 0.8973005581566686] &  [211, 0, 0.9037320261202941] &    [10, 0, 0.848493455903506] &  [166, 0, 0.9069030974895279] &   [90, 0, 0.8235148562576133] &   [132, 0, 0.896512044145747] &   [21, 0, 0.9419164721044663] &   [136, 0, 0.951298925115056] &    [67, 0, 0.841944554722131] &  [196, 0, 0.8792182359675701] &   [88, 0, 0.9078113309569623] &   [80, 0, 0.8396679414501543] \\
1    &  [242, 0, 0.8420974072395514] &  [126, 0, 0.8910144330290591] &  [216, 0, 0.8219101997096403] &   [66, 0, 0.8967049508969007] &   [99, 0, 0.8737601834701945] &  [147, 0, 0.9033547746830136] &    [4, 0, 0.8449949404282405] &   [97, 0, 0.9003498989899181] &  [254, 0, 0.8226579412491419] &   [46, 0, 0.8782020735607396] &   [211, 0, 0.931934737667864] &  [175, 0, 0.9256778471500244] &    [3, 0, 0.8267752885537147] &  [193, 0, 0.8672418321681072] &  [211, 0, 0.9022779480768878] &  [117, 0, 0.8341299365364041] \\
2    &  [101, 0, 0.8378976899718149] &  [212, 0, 0.8583794738004897] &   [16, 0, 0.8094389453717082] &   [86, 0, 0.8941798774880395] &   [65, 0, 0.8706529050322457] &   [114, 0, 0.884696543270123] &  [141, 0, 0.8438544258367796] &  [227, 0, 0.8703083479086626] &  [108, 0, 0.8144232457089795] &  [173, 0, 0.8693776529192113] &  [165, 0, 0.9263758065540763] &   [64, 0, 0.9182642575525325] &   [18, 0, 0.8216121362983527] &  [207, 0, 0.8628534428010964] &   [94, 0, 0.8896243337509757] &   [89, 0, 0.8108113753642827] \\
3    &   [43, 0, 0.8316045762634912] &   [203, 0, 0.851637052795052] &   [55, 0, 0.8085795194314714] &  [158, 0, 0.8911325382153996] &  [106, 0, 0.8693245601268232] &  [199, 0, 0.8744098194449654] &   [54, 0, 0.8435010704056669] &  [203, 0, 0.8667936938229582] &  [146, 0, 0.8062414198714796] &   [87, 0, 0.8679427025606073] &    [244, 0, 0.91717007417157] &  [187, 0, 0.9180414819961502] &  [167, 0, 0.8095043589684717] &  [249, 0, 0.8606533268641638] &  [227, 0, 0.8892492593230479] &  [224, 0, 0.8079594133586974] \\
4    &   [24, 0, 0.8312511673023926] &  [184, 0, 0.8446220705884049] &   [21, 0, 0.8076282157034372] &   [76, 0, 0.8898798019339585] &  [109, 0, 0.8608190110908762] &   [65, 0, 0.8684712691205299] &   [151, 0, 0.838578877215842] &  [128, 0, 0.8659854426685851] &  [187, 0, 0.8032193289024988] &  [144, 0, 0.8599129174827237] &  [194, 0, 0.9156898274656617] &   [84, 0, 0.9166423392495735] &  [203, 0, 0.8067410663006525] &    [12, 0, 0.857889491698815] &  [174, 0, 0.8833992439955722] &  [233, 0, 0.8011734182672601] \\
5    &    [2, 0, 0.8284083402699313] &  [252, 0, 0.8411620366061435] &  [152, 0, 0.7990454120321804] &  [213, 0, 0.8879174088263718] &   [85, 0, 0.8574172342426161] &  [174, 0, 0.8651348896644317] &    [5, 0, 0.8297537084433888] &  [129, 0, 0.8590383527406653] &  [231, 0, 0.8023472040852841] &   [97, 0, 0.8386332280217927] &   [68, 0, 0.9116133189035837] &   [54, 0, 0.9154286914555873] &  [143, 0, 0.7961000648713055] &  [178, 0, 0.8492558322998586] &  [129, 0, 0.8752831843588086] &   [186, 0, 0.800094757766827] \\
6    &   [76, 0, 0.8264651279130331] &   [81, 0, 0.8396749934409571] &  [144, 0, 0.7954110273377973] &  [207, 0, 0.8862325319457849] &   [38, 0, 0.8563582449053635] &  [214, 0, 0.8629848143606206] &  [215, 0, 0.8290596754238924] &   [22, 0, 0.8561282604392587] &  [190, 0, 0.8004515931657927] &   [66, 0, 0.8347955353182055] &  [224, 0, 0.9089031901976075] &   [61, 0, 0.9058804591928564] &   [27, 0, 0.7949253690217168] &  [121, 0, 0.8463034721749806] &  [150, 0, 0.8737481076369744] &   [48, 0, 0.7957302902313255] \\
7    &   [71, 0, 0.8258209608924364] &  [200, 0, 0.8375448287629711] &  [211, 0, 0.7900111285851544] &    [9, 0, 0.8854945841986696] &  [157, 0, 0.8559837728194726] &  [124, 0, 0.8623126526122331] &  [217, 0, 0.8282297684092625] &   [63, 0, 0.8555615880875415] &  [164, 0, 0.7992162087741231] &  [247, 0, 0.8333715546868258] &  [151, 0, 0.9046420108315036] &  [170, 0, 0.9052863765286929] &  [198, 0, 0.7943946741483052] &   [127, 0, 0.843765545980348] &   [79, 0, 0.8736825654913024] &  [140, 0, 0.7934212530513631] \\
8    &  [212, 0, 0.8197529684520011] &  [187, 0, 0.8349789664024192] &  [157, 0, 0.7875993746879867] &   [43, 0, 0.8841986006044529] &  [102, 0, 0.8543756955116408] &   [235, 0, 0.859911559451946] &  [146, 0, 0.8224251386810727] &   [149, 0, 0.852122743913486] &  [181, 0, 0.7868281742285872] &  [164, 0, 0.8330108722791298] &   [75, 0, 0.8972689096274036] &   [81, 0, 0.8988730921611591] &    [55, 0, 0.788739857749827] &  [213, 0, 0.8415552702384584] &   [119, 0, 0.872084979541418] &   [94, 0, 0.7908237229226879] \\
\bottomrule
\end{tabular}
