\begin{tabular}{lllllllllllllllll}
\toprule
{} &                            0  &                            1  &                            2  &                            3  &                            4  &                            5  &                            6  &                            7  &                            8  &                            9  &                            10 &                            11 &                            12 &                            13 &                            14 &                            15 \\
\midrule
PGE= &                             0 &                             0 &                             0 &                             4 &                             0 &                             0 &                             0 &                             0 &                             7 &                             0 &                             0 &                             0 &                           185 &                             0 &                             0 &                            24 \\
0    &   [43, 0, 0.8657281993150099] &   [126, 0, 0.911689658662882] &   [21, 0, 0.8304120142836012] &  [158, 0, 0.8571933820052797] &   [40, 0, 0.9053644613804358] &  [174, 0, 0.9213565486788382] &  [210, 0, 0.8052400671231359] &   [166, 0, 0.902735829899804] &   [15, 0, 0.7438646487576523] &  [247, 0, 0.8446529272738086] &   [21, 0, 0.9317419938483444] &       [136, 0, 0.92313890557] &  [148, 0, 0.6089978872977199] &  [207, 0, 0.8007565819053803] &   [79, 0, 0.8367608200812487] &  [181, 0, 0.7617837350950869] \\
1    &  [208, 0, 0.8007594730528129] &   [36, 0, 0.8414763023890658] &   [74, 0, 0.7382142602979723] &   [43, 0, 0.8389215916982092] &   [57, 0, 0.8562700453565745] &  [211, 0, 0.9035302054033679] &    [26, 0, 0.775934770634435] &  [208, 0, 0.8734680343846462] &   [74, 0, 0.7425814443982752] &  [132, 0, 0.7794966135448035] &    [68, 0, 0.870512286779407] &  [175, 0, 0.8864152261826543] &  [186, 0, 0.5911954436360488] &  [208, 0, 0.7925683086131814] &   [94, 0, 0.8233981955525859] &   [20, 0, 0.7388481013584183] \\
2    &   [63, 0, 0.7810325429192326] &   [25, 0, 0.8313020055657677] &   [55, 0, 0.7360880578800171] &   [66, 0, 0.8319870601954364] &  [102, 0, 0.8518778512291948] &  [216, 0, 0.8991676542370113] &   [11, 0, 0.7463909154751315] &   [22, 0, 0.8704512666063624] &   [50, 0, 0.7422279306576427] &  [144, 0, 0.7546885496377507] &  [244, 0, 0.8588113837475664] &   [84, 0, 0.8800010285292926] &  [125, 0, 0.5824349961150286] &  [193, 0, 0.7833806053955142] &  [137, 0, 0.8152741718316975] &    [41, 0, 0.731708930892871] \\
3    &  [107, 0, 0.7786141086627603] &  [212, 0, 0.8285520740085922] &  [201, 0, 0.7243579951042441] &  [208, 0, 0.8088366721574413] &  [160, 0, 0.8508849443278604] &    [4, 0, 0.8990756811244469] &   [164, 0, 0.744272408700646] &   [237, 0, 0.867913755765093] &  [204, 0, 0.7394203235243083] &   [29, 0, 0.7516065058380275] &  [109, 0, 0.8584160147286383] &   [17, 0, 0.8693369692382987] &  [177, 0, 0.5752921571942056] &    [9, 0, 0.7802157637671129] &   [57, 0, 0.8076591475387981] &  [131, 0, 0.7245566170889707] \\
4    &   [247, 0, 0.767231594583184] &    [3, 0, 0.8280638357709973] &   [91, 0, 0.7179970960688822] &   [22, 0, 0.7946486024794197] &  [109, 0, 0.8489033500630339] &   [65, 0, 0.8845413482210148] &  [195, 0, 0.7431146583659723] &  [232, 0, 0.8643941097760681] &   [10, 0, 0.7243560645158902] &   [52, 0, 0.7393051956666546] &   [40, 0, 0.8557149852731654] &  [187, 0, 0.8656556107342859] &   [48, 0, 0.5699849035399935] &  [149, 0, 0.7732937201351849] &  [211, 0, 0.8061956461774465] &  [176, 0, 0.7243115396123245] \\
5    &   [12, 0, 0.7634682802292923] &  [246, 0, 0.8257544274701234] &    [4, 0, 0.7152665904763403] &   [86, 0, 0.7935574164377583] &  [211, 0, 0.8448536138351476] &  [130, 0, 0.8760865003348556] &  [136, 0, 0.7388151006468743] &  [143, 0, 0.8599451155570275] &  [174, 0, 0.7219863758977525] &   [49, 0, 0.7342865798336967] &   [180, 0, 0.854774012639986] &  [254, 0, 0.8544101158741434] &  [213, 0, 0.5692320540763021] &    [22, 0, 0.771701980516136] &   [21, 0, 0.8049360129251631] &  [195, 0, 0.7233088436412589] \\
6    &  [196, 0, 0.7549234821566696] &  [145, 0, 0.8232492445387612] &  [191, 0, 0.7112975523389022] &    [7, 0, 0.7931642080729409] &  [177, 0, 0.8443421320731429] &  [157, 0, 0.8745407727417626] &  [205, 0, 0.7354390327310444] &  [132, 0, 0.8599451118244836] &   [91, 0, 0.7170212288909249] &   [86, 0, 0.7233620980871821] &  [130, 0, 0.8539078845529894] &   [134, 0, 0.851038271446868] &   [72, 0, 0.5651331295318225] &  [178, 0, 0.7596612721087501] &  [238, 0, 0.7943123724525566] &   [255, 0, 0.722530932588748] \\
7    &  [144, 0, 0.7543320361804822] &   [33, 0, 0.8201222922244203] &  [241, 0, 0.7087200582481874] &    [12, 0, 0.791066253084476] &   [79, 0, 0.8424840641812068] &  [147, 0, 0.8743745105335369] &    [75, 0, 0.726192039780882] &  [127, 0, 0.8563895108039292] &  [171, 0, 0.7154622649380109] &  [166, 0, 0.7214980983049218] &  [171, 0, 0.8534042491001134] &   [81, 0, 0.8477565159476307] &   [42, 0, 0.5629308549125507] &  [227, 0, 0.7589536038318898] &  [157, 0, 0.7928115045988572] &   [51, 0, 0.7224207819837596] \\
8    &  [222, 0, 0.7419004730860393] &   [67, 0, 0.8164974279379211] &   [16, 0, 0.7084130763665185] &  [202, 0, 0.7884386804598553] &   [99, 0, 0.8368867169617942] &    [57, 0, 0.873557437824274] &   [198, 0, 0.722090757824231] &   [63, 0, 0.8534551940184267] &  [165, 0, 0.7068698206444985] &  [196, 0, 0.7206165279936441] &  [177, 0, 0.8529607256749095] &    [44, 0, 0.847226131189911] &   [40, 0, 0.5608207025499896] &  [132, 0, 0.7516502332066317] &  [224, 0, 0.7927714447906739] &  [165, 0, 0.7216743898530075] \\
\bottomrule
\end{tabular}
